Temperature	PWM	Time
25.01,0,1.21
25,0,1.81
25,0,2.41
25,0,3.02
25.01,0,3.62
25.01,0,4.23
25,0,4.83
25.01,0,5.43
25,0,6.04
25.01,0,6.64
24.98,0,7.25
25,0,7.85
24.99,0,8.45
25.01,0,9.06
25.01,0,9.66
25.02,0,10.26
25.03,0,10.87
25.01,0,11.47
25,0,12.08
25.02,0,12.68
25,0,13.29
25,0,13.89
25.02,0,14.49
25.01,0,15.1
25.01,0,15.7
25.02,0,16.31
25.03,0,16.91
24.97,206,17.52
25.04,205,18.12
25,206,18.73
25,206,19.33
25.02,205,19.93
25.01,205,20.54
25.09,204,21.14
25.34,199,21.75
25.73,191,22.35
26.25,180,22.96
26.83,168,23.56
27.52,154,24.17
28.22,139,24.77
28.97,124,25.38
29.74,108,25.98
30.56,91,26.58
31.32,76,27.19
32.1,60,27.79
32.85,44,28.4
33.57,29,29
34.27,15,29.61
34.92,2,30.21
35.56,12,30.82
36.16,24,31.42
36.73,36,32.03
37.3,47,32.63
37.8,58,33.23
38.18,65,33.84
38.45,71,34.44
38.65,75,35.05
38.76,77,35.65
38.82,79,36.26
38.81,78,36.86
38.78,78,37.47
38.69,76,38.07
38.59,74,38.67
38.44,71,39.28
38.28,67,39.88
38.12,64,40.49
37.91,60,41.09
37.67,55,41.7
37.44,50,42.3
37.18,45,42.91
36.94,40,43.51
36.68,35,44.11
36.42,29,44.72
36.16,24,45.32
35.92,19,45.93
35.67,14,46.53
35.45,9,47.14
35.23,5,47.74
35.02,0,48.35
34.83,3,48.95
34.64,7,49.56
34.45,11,50.16
34.27,15,50.76
34.11,18,51.37
33.94,22,51.97
33.8,25,52.58
33.71,27,53.18
33.67,27,53.79
33.62,28,54.39
33.59,29,55
33.58,29,55.6
33.54,30,56.2
33.51,31,56.81
33.51,31,57.41
33.49,31,58.02
33.49,31,58.62
33.47,31,59.23
33.46,32,59.83
33.45,32,60.44
33.45,32,61.04
33.46,32,61.64
33.48,31,62.25
33.53,30,62.85
33.58,29,63.46
33.61,29,64.06
33.67,27,64.67
33.74,26,65.27
33.78,25,65.87
33.85,24,66.48
33.9,23,67.08
33.96,21,67.69
34.01,20,68.29
34.09,19,68.9
34.13,18,69.5
34.19,17,70.11
34.24,16,70.71
34.29,15,71.32
34.36,13,71.92
34.4,12,72.52
34.45,11,73.13
34.49,10,73.73
34.54,9,74.34
34.56,9,74.94
34.61,8,75.55
34.61,8,76.15
34.61,8,76.76
34.61,8,77.36
34.61,8,77.96
34.61,8,78.57
34.6,8,79.17
34.59,8,79.78
34.57,9,80.38
34.57,9,80.99
34.54,9,81.59
34.51,10,82.2
34.48,11,82.8
34.44,12,83.4
34.39,13,84.01
34.36,13,84.61
34.31,14,85.22
34.25,15,85.82
34.21,16,86.43
34.17,17,87.03
34.12,18,87.64
34.07,19,88.24
34.03,20,88.84
33.99,21,89.45
33.96,21,90.05
33.93,22,90.66
33.9,23,91.26
33.88,23,91.87
33.85,24,92.47
33.83,24,93.08
33.81,24,93.68
33.83,24,94.29
33.82,24,94.89
33.82,24,95.5
33.83,24,96.1
33.85,24,96.7
33.86,23,97.31
33.87,23,97.91
33.89,23,98.52
33.91,22,99.12
33.94,22,99.73
33.95,22,100.33
33.98,21,100.93
34.01,20,101.54
34.03,20,102.14
34.06,19,102.75
34.1,19,103.35
34.11,18,103.96
34.14,18,104.56
34.16,17,105.17
34.19,17,105.77
34.2,16,106.38
34.22,16,106.98
34.23,16,107.58
34.25,15,108.19
34.26,15,108.79
34.26,15,109.4
34.28,15,110
34.28,15,110.61
34.28,15,111.21
34.29,15,111.82
34.28,15,112.42
34.27,15,113.03
34.27,15,113.63
34.26,15,114.23
34.24,16,114.84
34.24,16,115.44
34.22,16,116.05
34.2,16,116.65
34.19,17,117.26
34.17,17,117.86
34.17,17,118.47
34.14,18,119.07
34.13,18,119.68
34.12,18,120.28
34.1,19,120.88
34.09,19,121.49
34.08,19,122.09
34.07,19,122.7
34.06,19,123.3
34.04,20,123.91
34.03,20,124.51
34.03,20,125.12
34.03,20,125.72
34.02,20,126.33
34.03,20,126.93
34.02,20,127.54
34.02,20,128.14
34.02,20,128.74
34.02,20,129.35
34.02,20,129.95
34.04,20,130.56
34.04,20,131.16
34.06,19,131.77
34.06,19,132.37
34.08,19,132.98
34.08,19,133.58
34.09,19,134.18
34.09,19,134.79
34.12,18,135.39
34.09,19,136
34.11,18,136.6
34.13,18,137.21
34.14,18,137.81
34.14,18,138.42
34.13,18,139.02
34.14,18,139.63
34.14,18,140.23
34.16,17,140.83
34.17,17,141.44
34.17,17,142.04
34.18,17,142.65
34.17,17,143.25
34.17,17,143.86
34.17,17,144.46
34.18,17,145.07
34.18,17,145.67
34.18,17,146.28
34.17,17,146.88
34.17,17,147.48
34.16,17,148.09
34.16,17,148.69
34.14,18,149.3
34.16,17,149.9
34.14,18,150.51
34.15,17,151.11
34.14,18,151.72
34.13,18,152.32
34.13,18,152.93
34.11,18,153.53
34.12,18,154.13
34.11,18,154.74
34.13,18,155.34
34.12,18,155.95
34.1,19,156.55
34.11,18,157.16
34.05,20,157.76
34.09,19,158.37
34.08,19,158.97
34.07,19,159.58
34.09,19,160.18
34.09,19,160.79
34.09,19,161.39
34.08,19,161.99
34.1,19,162.6
34.09,19,163.2
34.1,19,163.81
34.1,19,164.41
34.09,19,165.02
34.1,19,165.62
34.11,18,166.23
34.11,18,166.83
34.12,18,167.44
34.12,18,168.04
34.11,18,168.64
34.12,18,169.25
34.14,18,169.85
34.14,18,170.46
34.15,17,171.06
34.14,18,171.67
34.14,18,172.27
34.14,18,172.88
34.15,17,173.48
34.14,18,174.09
34.15,17,174.69
34.15,17,175.29
34.14,18,175.9
34.15,17,176.5
34.15,17,177.11
34.16,17,177.71
34.14,18,178.32
34.14,18,178.92
34.14,18,179.52
34.15,17,180.13
34.15,17,180.73
34.15,17,181.34
34.14,18,181.94
