Temperature	PWM	Time	Set Temperature	T1	T2	T3	T4	T5

Mode	time	PWM	Heat/Cool	K_p	K_I	Set Temp	Reset Int	Sin amplitude	Sin period
P/I	0.7	0	1		0.0	0.0	20.0		1		0.0		60.0

Mode	time	PWM	Heat/Cool	K_p	K_I	Set Temp	Reset Int	Sin amplitude	Sin period
P/I	0.7	0	1		0.0	0.0	60.0		1		0.0		60.0

Mode	time	PWM	Heat/Cool	K_p	K_I	Set Temp	Reset Int	Sin amplitude	Sin period
P/I	0.7	0	1		15.7	0.0	60.0		1		0.0		60.0

Mode	time	PWM	Heat/Cool	K_p	K_I	Set Temp	Reset Int	Sin amplitude	Sin period
P/I	0.7	0	1		15.7	0.8	60.0		1		0.0		60.0

Mode	time	PWM	Heat/Cool	K_p	K_I	Set Temp	Reset Int	Sin amplitude	Sin period
P/I	39.5	255	1		15.7	0.8	60.0		0		0.0		60.0

Mode	time	PWM	Heat/Cool	K_p	K_I	Set Temp	Reset Int	Sin amplitude	Sin period
P/I	58.7	183	1		15.7	0.8	60.0		0		0.0		60.0

Mode	time	PWM	Heat/Cool	K_p	K_I	Set Temp	Reset Int	Sin amplitude	Sin period
P/I	86.4	120	1		15.7	1.0	60.0		1		0.0		60.0

Mode	time	PWM	Heat/Cool	K_p	K_I	Set Temp	Reset Int	Sin amplitude	Sin period
P/I	91.7	132	1		15.7	1.1	60.0		1		0.0		60.0

Mode	time	PWM	Heat/Cool	K_p	K_I	Set Temp	Reset Int	Sin amplitude	Sin period
P/I	1210.2	82	1		0.0	1.1	60.0		1		0.0		60.0

Mode	time	PWM	Heat/Cool	K_p	K_I	Set Temp	Reset Int	Sin amplitude	Sin period
P/I	1211.3	82	1		0.0	0.0	60.0		1		0.0		60.0

	22.98	23.01	22.87	23.79	23.05
23.46	0	7.8	20	22.98	23	22.86	23.84	23.03
23.5	0	8.8	20	22.97	23	22.86	23.83	23.03
23.47	0	9.9	20	22.97	22.99	22.87	23.77	23.03
23.47	0	10.9	20	22.97	22.99	22.85	23.77	23.02
23.45	0	12	60	22.97	22.99	22.85	23.71	23.02
23.44	0	13.1	60	22.97	22.98	22.85	23.75	23.01
23.48	0	14.1	60	22.95	22.97	22.83	23.69	23
23.45	0	15.2	60	22.95	22.99	22.84	23.77	23
23.47	0	16.2	60	22.95	22.98	22.84	23.74	23.01
23.45	0	17.3	60	22.95	22.97	22.84	23.74	23
23.45	0	18.3	60	22.95	22.98	22.84	23.42	23.01
23.46	0	19.4	60	22.94	22.97	22.84	23.75	23
23.45	0	20.5	60	22.94	22.97	22.84	23.69	23
23.46	0	21.5	60	22.94	22.97	22.83	23.84	23
23.44	0	22.6	60	22.93	22.97	22.83	23.73	23
23.46	0	23.6	60	22.93	22.98	22.82	23.83	22.99
23.46	0	24.7	60	22.93	22.97	22.82	23.81	22.99
23.46	0	25.7	60	22.93	22.96	22.82	23.8	22.99
23.68	0	26.8	60	22.92	22.96	22.81	23.82	22.99
23.68	0	27.8	60	22.93	22.95	22.81	23.71	22.98
23.68	0	28.9	60	22.92	22.95	22.82	23.65	22.98
23.68	255	30	60	22.92	22.96	22.81	23.73	22.98
23.68	255	31	60	22.92	22.94	22.79	23.37	22.94
23.91	255	32.1	60	22.89	22.92	22.78	23.81	22.95
24.73	255	33.2	60	22.91	22.94	22.8	23.8	22.96
25.9	255	34.2	60	22.98	22.98	22.8	23.81	22.97
27.3	255	35.3	60	23.09	23.05	22.81	23.8	22.96
28.85	255	36.3	60	23.27	23.16	22.86	23.38	22.96
30.45	255	37.4	60	23.49	23.33	22.93	23.89	22.98
32.17	255	38.5	60	23.77	23.53	23.03	23.92	22.99
33.84	255	39.5	60	24.07	23.77	23.15	23.96	23.02
35.47	255	40.6	60	24.42	24.04	23.3	24	23.05
37.11	255	41.7	60	24.79	24.35	23.46	24.1	23.08
38.69	255	42.7	60	25.2	24.66	23.66	24.18	23.13
40.27	255	43.8	60	25.61	25	23.87	24.27	23.21
41.74	255	44.9	60	26.03	25.36	24.09	24.4	23.29
43.2	255	45.9	60	26.47	25.73	24.35	24.58	23.37
44.63	255	47	60	26.92	26.1	24.61	24.69	23.47
45.98	255	48.1	60	27.36	26.46	24.88	24.74	23.59
47.37	255	49.1	60	27.82	26.86	25.16	24.98	23.71
48.65	255	50.2	60	28.28	27.24	25.44	25.18	23.83
49.92	255	51.3	60	28.74	27.63	25.73	25.23	23.97
51.1	255	52.3	60	29.19	28.02	26.01	25.41	24.11
52.34	248	53.4	60	29.66	28.4	26.31	25.71	24.24
53.46	236	54.5	60	30.12	28.78	26.6	25.68	24.4
54.63	222	55.5	60	30.59	29.17	26.92	25.92	24.57
55.69	209	56.6	60	31.06	29.58	27.23	26.23	24.75
56.72	196	57.7	60	31.53	29.98	27.56	26.49	24.93
57.68	183	58.7	60	31.99	30.37	27.87	26.73	25.12
58.5	171	59.8	60	32.47	30.77	28.2	26.99	25.32
59.24	12	60.9	60	32.93	31.16	28.52	27.24	25.52
59.96	1	61.9	60	33.38	31.53	28.82	27.48	25.7
60.39	-6	63	60	33.82	31.89	29.13	27.73	25.9
60.49	-8	64	60	34.23	32.25	29.42	27.98	26.09
60.29	-5	65.1	60	34.61	32.58	29.72	28.23	26.3
59.85	2	66.2	60	34.96	32.91	30.02	28.47	26.5
59.29	11	67.2	60	35.26	33.17	30.29	28.71	26.69
58.67	22	68.3	60	35.52	33.44	30.56	28.94	26.9
58.01	34	69.4	60	35.74	33.65	30.79	29.17	27.1
57.4	45	70.4	60	35.93	33.85	31.01	29.43	27.29
56.77	58	71.5	60	36.08	34.02	31.21	29.59	27.49
56.24	69	72.6	60	36.21	34.15	31.4	29.8	27.67
55.79	80	73.6	60	36.32	34.3	31.59	30.01	27.85
55.42	89	74.7	60	36.42	34.42	31.75	30.17	28.02
55.18	97	75.7	60	36.51	34.54	31.9	30.35	28.19
55.03	104	76.8	60	36.61	34.66	32.06	30.5	28.35
54.9	110	77.9	60	36.71	34.76	32.19	30.66	28.51
54.9	114	78.9	60	36.82	34.87	32.32	30.82	28.66
54.93	118	80	60	36.91	34.98	32.44	30.93	28.8
55.03	120	81.1	60	37.04	35.1	32.54	31.06	28.93
55.21	121	82.1	60	37.14	35.19	32.65	31.17	29.05
55.41	122	83.2	60	37.26	35.33	32.76	31.31	29.18
55.67	121	84.3	60	37.37	35.43	32.86	31.41	29.3
55.87	122	85.3	60	37.52	35.56	32.99	31.53	29.42
56.18	120	86.4	60	37.65	35.68	33.1	31.62	29.52
56.5	137	87.5	60	37.77	35.84	33.24	31.76	29.65
56.8	136	88.5	60	37.91	35.95	33.37	31.86	29.76
57	136	89.6	60	38.05	36.14	33.51	31.99	29.89
57.31	134	90.7	60	38.22	36.27	33.65	32.11	30.01
57.61	132	91.7	60	38.36	36.43	33.81	32.24	30.11
57.97	136	92.8	60	38.53	36.56	33.94	32.38	30.24
58.26	133	93.9	60	38.69	36.75	34.09	32.51	30.37
58.58	130	94.9	60	38.86	36.91	34.22	32.64	30.48
58.89	126	96	60	39.06	37.05	34.35	32.76	30.61
59.2	122	97.1	60	39.22	37.24	34.53	32.94	30.74
59.32	121	98.1	60	39.47	37.42	34.81	33.09	30.88
59.67	116	99.2	60	39.52	37.63	34.87	33.25	31.07
59.91	113	100.3	60	39.87	37.74	35.07	33.39	31.12
60.1	109	101.3	60	39.93	37.89	35.23	33.49	31.33
60.32	106	102.4	60	40.17	38.13	35.3	33.64	31.35
60.42	104	103.5	60	40.33	38.25	35.43	33.75	31.5
60.54	101	104.5	60	40.46	38.36	35.55	33.85	31.59
60.72	97	105.6	60	40.62	38.51	35.71	34	31.71
60.79	95	106.7	60	40.79	38.72	35.86	34.1	31.81
60.91	92	107.7	60	40.95	38.84	36.01	34.24	31.98
60.73	94	108.8	60	41.07	39.01	36.09	34.31	32.06
60.92	90	109.9	60	41.22	39.11	36.25	34.49	32.18
60.85	90	111	60	41.34	39.2	36.35	34.6	32.3
60.9	89	112	60	41.44	39.31	36.45	34.36	32.37
60.78	90	113.1	60	41.56	39.44	36.57	34.48	32.46
60.83	88	114.2	60	41.66	39.54	36.69	34.57	32.49
60.72	89	115.2	60	41.7	39.57	36.78	34.65	32.56
60.62	90	116.3	60	41.8	39.67	36.88	34.77	32.65
60.56	90	117.4	60	41.9	39.76	36.99	34.89	32.76
60.49	90	118.4	60	41.99	39.84	37.09	35.01	32.86
60.46	90	119.5	60	42.08	39.93	37.17	35.12	32.97
60.42	90	120.6	60	42.17	40.02	37.26	35.23	33.07
60.37	91	121.6	60	42.25	40.1	37.35	35.31	33.15
60.35	91	122.7	60	42.33	40.17	37.44	35.4	33.24
60.34	91	123.8	60	42.4	40.26	37.51	35.47	33.31
60.28	91	124.8	60	42.47	40.33	37.59	35.54	33.39
60.24	92	125.9	60	42.55	40.41	37.68	35.62	33.48
60.23	91	127	60	42.61	40.48	37.76	35.7	33.57
60.25	91	128	60	42.68	40.58	37.88	35.81	33.67
60.2	91	129.1	60	42.73	40.65	37.94	35.88	33.72
60.19	91	130.2	60	42.79	40.72	38.01	35.94	33.79
60.15	92	131.2	60	42.85	40.81	38.09	36.03	33.87
60.16	91	132.3	60	42.91	40.88	38.18	36.13	33.96
60.19	91	133.4	60	42.99	40.97	38.28	36.21	34.06
60.1	92	134.4	60	43.06	41.02	38.34	36.34	34.15
60.14	91	135.5	60	43.1	41.15	38.49	36.42	34.25
60.07	92	136.6	60	43.16	41.16	38.55	36.5	34.37
60.15	91	137.6	60	43.25	41.25	38.65	36.61	34.48
60.18	90	138.7	60	43.32	41.35	38.71	36.72	34.56
60.12	91	139.8	60	43.39	41.41	38.79	36.8	34.64
60.14	90	140.8	60	43.47	41.48	38.87	36.86	34.71
60.16	90	141.9	60	43.51	41.52	38.91	36.91	34.76
60.16	90	143	60	43.59	41.58	38.93	36.95	34.79
60.15	90	144	60	43.63	41.64	38.98	37.01	34.85
60.14	90	145.1	60	43.68	41.68	39.02	37.05	34.91
60.15	89	146.2	60	43.73	41.72	39.07	37.1	34.96
60.16	89	147.2	60	43.78	41.75	39.12	37.17	35.01
60.14	89	148.3	60	43.83	41.79	39.17	37.23	35.05
60.12	89	149.4	60	43.87	41.85	39.25	37.29	35.11
60.15	89	150.4	60	43.92	41.9	39.3	37.36	35.17
60.12	89	151.5	60	43.97	41.97	39.4	37.44	35.27
60.11	89	152.6	60	44.03	42.04	39.49	37.55	35.35
60.11	89	153.7	60	44.09	42.11	39.56	37.63	35.44
60.15	88	154.7	60	44.14	42.18	39.67	37.72	35.53
60.1	89	155.8	60	44.2	42.27	39.72	37.79	35.62
60.14	88	156.9	60	44.26	42.32	39.79	37.86	35.67
60.09	89	157.9	60	44.32	42.36	39.81	37.91	35.73
60.1	88	159	60	44.35	42.42	39.86	37.97	35.79
60.07	89	160.1	60	44.4	42.44	39.94	38.02	35.86
60.07	89	161.1	60	44.45	42.51	39.98	38.08	35.92
60.07	89	162.2	60	44.5	42.58	40.02	38.14	35.99
60.05	89	163.3	60	44.52	42.6	40.06	38.2	36.03
60.05	89	164.3	60	44.57	42.66	40.11	38.25	36.09
60.07	88	165.4	60	44.59	42.68	40.17	38.29	36.12
60.09	88	166.5	60	44.65	42.71	40.2	38.32	36.16
60.03	89	167.5	60	44.68	42.77	40.24	38.38	36.21
60.01	89	168.6	60	44.74	42.81	40.32	38.43	36.27
60.05	89	169.7	60	44.79	42.85	40.36	38.49	36.34
60.04	89	170.7	60	44.83	42.9	40.4	38.53	36.38
60.06	88	171.8	60	44.89	42.93	40.44	38.56	36.42
60.01	89	172.9	60	44.91	42.98	40.49	38.61	36.48
60.09	88	173.9	60	44.99	43.03	40.55	38.68	36.53
60.07	88	175	60	45	43.08	40.63	38.73	36.59
60.08	88	176.1	60	45.03	43.13	40.65	38.76	36.61
60.11	87	177.1	60	45.08	43.14	40.66	38.78	36.63
60.01	89	178.2	60	45.08	43.18	40.68	38.8	36.66
60.05	88	179.3	60	45.1	43.21	40.72	38.85	36.72
60.06	88	180.3	60	45.11	43.24	40.76	38.88	36.77
60.01	89	181.4	60	45.13	43.29	40.8	38.94	36.8
60	89	182.5	60	45.14	43.33	40.88	39	36.89
60.03	88	183.5	60	45.17	43.39	40.94	39.09	37
60.05	88	184.6	60	45.22	43.42	40.99	39.16	37.04
60.07	87	185.7	60	45.27	43.47	41.04	39.24	37.1
60.02	88	186.7	60	45.32	43.52	41.08	39.28	37.14
60.04	88	187.8	60	45.35	43.52	41.12	39.33	37.18
60.03	88	188.9	60	45.42	43.54	41.15	39.35	37.22
60.04	88	189.9	60	45.46	43.56	41.18	39.4	37.27
60	88	191	60	45.49	43.62	41.25	39.47	37.31
60.06	87	192.1	60	45.54	43.66	41.29	39.49	37.35
60.03	88	193.1	60	45.57	43.71	41.32	39.54	37.39
60.04	88	194.2	60	45.6	43.74	41.34	39.55	37.41
60.02	88	195.3	60	45.63	43.78	41.35	39.55	37.43
60.03	88	196.3	60	45.65	43.79	41.37	39.58	37.47
60.03	88	197.4	60	45.67	43.83	41.43	39.61	37.53
60.02	88	198.5	60	45.69	43.88	41.47	39.68	37.58
60.05	87	199.5	60	45.73	43.93	41.5	39.69	37.61
60	88	200.6	60	45.75	43.96	41.53	39.72	37.63
59.98	88	201.7	60	45.78	44	41.58	39.75	37.66
60.01	88	202.7	60	45.8	44.05	41.64	39.81	37.7
60.07	87	203.8	60	45.83	44.07	41.71	39.88	37.76
60.09	86	204.9	60	45.87	44.1	41.76	39.92	37.85
60.06	87	205.9	60	45.88	44.14	41.78	39.99	37.9
60.05	87	207	60	45.92	44.17	41.78	40.03	37.93
60.09	86	208.1	60	45.94	44.19	41.77	40.01	37.95
60.04	87	209.1	60	46.01	44.2	41.83	40.08	37.97
60	88	210.2	60	46	44.24	41.86	40.08	38.01
59.97	88	211.3	60	46.01	44.24	41.87	40.12	38.06
60.02	87	212.4	60	46.06	44.29	41.93	40.17	38.12
60.01	87	213.4	60	46.09	44.33	41.97	40.22	38.19
60	88	214.5	60	46.11	44.4	42.02	40.27	38.22
60	88	215.6	60	46.16	44.4	42.04	40.29	38.24
60.01	87	216.6	60	46.18	44.43	42.06	40.32	38.27
59.97	88	217.7	60	46.21	44.48	42.12	40.37	38.33
60.01	87	218.8	60	46.24	44.51	42.17	40.42	38.37
60	88	219.8	60	46.28	44.55	42.2	40.46	38.41
60.01	87	220.9	60	46.29	44.56	42.21	40.49	38.45
60.01	87	222	60	46.32	44.6	42.26	40.54	38.49
60.03	87	223	60	46.34	44.62	42.3	40.58	38.52
60.01	87	224.1	60	46.36	44.65	42.34	40.6	38.55
60	88	225.2	60	46.38	44.69	42.36	40.61	38.56
60.01	87	226.2	60	46.4	44.69	42.37	40.62	38.57
60.02	87	227.3	60	46.41	44.71	42.4	40.62	38.58
60.02	87	228.4	60	46.44	44.72	42.42	40.64	38.59
60.05	87	229.4	60	46.45	44.75	42.45	40.68	38.66
60.01	87	230.5	60	46.47	44.78	42.5	40.78	38.71
60	87	231.6	60	46.49	44.83	42.55	40.82	38.75
60.05	87	232.6	60	46.5	44.87	42.56	40.82	38.77
60	87	233.7	60	46.54	44.88	42.58	40.85	38.78
60.01	87	234.8	60	46.54	44.89	42.59	40.88	38.81
60.08	86	235.8	60	46.56	44.92	42.63	40.89	38.85
60.05	86	236.9	60	46.54	44.93	42.65	40.92	38.86
60	87	238	60	46.6	44.97	42.68	40.97	38.92
59.97	88	239	60	46.62	45	42.72	41.04	39
60.03	87	240.1	60	46.64	45.04	42.78	41.09	39.07
60.01	87	241.2	60	46.66	45.08	42.82	41.16	39.09
60.08	86	242.2	60	46.73	45.12	42.83	41.17	39.11
59.98	87	243.3	60	46.7	45.18	42.84	41.14	39.12
60.14	85	244.4	60	46.72	45.08	42.76	41.18	39.06
60.02	87	245.4	60	46.74	45.1	42.74	41.12	39.05
60.02	87	246.5	60	46.72	45.09	42.76	41.11	39.04
60.01	87	247.6	60	46.72	45.13	42.8	41.14	39.05
60	87	248.6	60	46.71	45.15	42.86	41.18	39.11
59.98	87	249.7	60	46.73	45.2	42.92	41.24	39.17
60.01	87	250.8	60	46.76	45.24	42.95	41.29	39.24
59.98	87	251.8	60	46.77	45.28	42.99	41.35	39.3
59.96	88	252.9	60	46.8	45.27	43	41.38	39.36
59.98	87	254	60	46.83	45.28	43.02	41.42	39.39
60	87	255	60	46.86	45.29	43.04	41.42	39.38
59.95	88	256.1	60	46.88	45.33	43.06	41.42	39.42
59.99	87	257.2	60	46.9	45.35	43.07	41.46	39.44
59.95	88	258.2	60	46.92	45.37	43.13	41.51	39.49
59.98	87	259.3	60	46.94	45.41	43.2	41.56	39.56
59.98	87	260.4	60	46.96	45.46	43.24	41.63	39.62
60.03	87	261.4	60	46.99	45.49	43.29	41.68	39.7
60.03	87	262.5	60	47.04	45.53	43.33	41.75	39.73
60.07	86	263.6	60	47.08	45.57	43.32	41.76	39.75
60.04	86	264.6	60	47.09	45.58	43.32	41.78	39.78
60.03	86	265.7	60	47.13	45.58	43.33	41.81	39.78
60.06	86	266.8	60	47.15	45.59	43.35	41.83	39.77
60.03	86	267.8	60	47.19	45.58	43.35	41.82	39.73
60.05	86	268.9	60	47.21	45.56	43.33	41.82	39.73
60.01	87	270	60	47.22	45.57	43.32	41.8	39.71
60.05	86	271	60	47.24	45.56	43.32	41.8	39.72
60.04	86	272.1	60	47.25	45.56	43.35	41.82	39.75
59.99	87	273.2	60	47.27	45.59	43.4	41.86	39.81
59.98	87	274.2	60	47.3	45.61	43.45	41.89	39.86
60.02	86	275.3	60	47.3	45.62	43.44	41.9	39.85
59.99	87	276.4	60	47.32	45.61	43.46	41.89	39.85
60.05	86	277.4	60	47.32	45.63	43.45	41.88	39.83
60.02	86	278.5	60	47.35	45.63	43.43	41.88	39.85
60.03	86	279.6	60	47.33	45.61	43.4	41.87	39.85
60.01	86	280.6	60	47.33	45.62	43.39	41.86	39.82
60.05	86	281.7	60	47.32	45.64	43.42	41.86	39.8
60	86	282.8	60	47.34	45.67	43.43	41.87	39.84
60.01	86	283.8	60	47.33	45.66	43.45	41.88	39.85
60.04	86	284.9	60	47.3	45.71	43.53	41.93	39.87
60.02	86	286	60	47.3	45.75	43.55	41.97	39.9
60.09	85	287	60	47.31	45.75	43.55	41.96	39.98
60.07	85	288.1	60	47.34	45.81	43.59	42.01	39.99
60.01	86	289.2	60	47.35	45.8	43.62	42.04	40.02
60.04	86	290.2	60	47.37	45.82	43.65	42.07	40.04
60.01	86	291.3	60	47.36	45.85	43.68	42.09	40.07
60.01	86	292.4	60	47.39	45.87	43.73	42.14	40.1
59.99	86	293.4	60	47.4	45.91	43.78	42.19	40.14
60.02	86	294.5	60	47.41	45.95	43.82	42.24	40.2
59.99	86	295.6	60	47.44	45.98	43.82	42.28	40.25
59.98	86	296.6	60	47.45	45.99	43.84	42.3	40.28
60.03	86	297.7	60	47.47	46.04	43.86	42.34	40.34
60	86	298.8	60	47.49	46.07	43.9	42.39	40.4
59.98	86	299.8	60	47.52	46.09	43.93	42.42	40.42
60.05	85	300.9	60	47.54	46.14	43.96	42.43	40.46
59.98	86	302	60	47.59	46.18	44.01	42.47	40.5
59.98	86	303	60	47.61	46.19	44.02	42.51	40.55
59.95	87	304.1	60	47.65	46.21	44.05	42.54	40.59
60.01	86	305.2	60	47.68	46.24	44.1	42.59	40.62
60	86	306.2	60	47.7	46.24	44.12	42.62	40.66
60	86	307.3	60	47.72	46.27	44.14	42.67	40.7
60	86	308.4	60	47.75	46.28	44.17	42.69	40.74
60.04	85	309.4	60	47.77	46.3	44.21	42.74	40.78
60	86	310.5	60	47.8	46.33	44.2	42.73	40.76
60.02	86	311.6	60	47.81	46.33	44.21	42.74	40.77
60.02	86	312.6	60	47.82	46.31	44.16	42.71	40.74
60	86	313.7	60	47.8	46.27	44.12	42.68	40.71
59.99	86	314.8	60	47.8	46.28	44.09	42.64	40.7
60	86	315.8	60	47.81	46.24	44.08	42.62	40.67
60.03	86	316.9	60	47.79	46.26	44.12	42.62	40.68
60	86	318	60	47.78	46.29	44.14	42.61	40.64
60.06	85	319	60	47.78	46.3	44.14	42.62	40.66
60.03	85	320.1	60	47.77	46.31	44.14	42.63	40.65
59.97	86	321.2	60	47.78	46.33	44.18	42.65	40.68
59.99	86	322.2	60	47.76	46.34	44.19	42.69	40.7
60.01	86	323.3	60	47.78	46.35	44.21	42.71	40.73
60.01	86	324.4	60	47.78	46.37	44.19	42.71	40.76
60.01	86	325.4	60	47.81	46.39	44.22	42.72	40.78
59.98	86	326.5	60	47.78	46.41	44.22	42.72	40.75
59.96	87	327.6	60	47.82	46.41	44.24	42.71	40.76
59.98	86	328.6	60	47.8	46.42	44.26	42.72	40.78
60.06	85	329.7	60	47.84	46.43	44.27	42.72	40.79
60.02	86	330.8	60	47.83	46.42	44.27	42.75	40.79
59.99	86	331.8	60	47.82	46.43	44.3	42.74	40.79
60.03	85	332.9	60	47.81	46.44	44.31	42.77	40.82
59.96	87	334	60	47.84	46.46	44.34	42.79	40.84
59.99	86	335	60	47.83	46.45	44.34	42.8	40.86
59.98	86	336.1	60	47.85	46.46	44.34	42.81	40.87
60.03	85	337.2	60	47.84	46.48	44.36	42.82	40.9
60	86	338.2	60	47.86	46.5	44.39	42.86	40.94
59.98	86	339.3	60	47.86	46.53	44.41	42.87	40.98
59.98	86	340.4	60	47.87	46.56	44.45	42.9	40.98
60	86	341.4	60	47.88	46.55	44.47	42.94	41.01
60.02	86	342.5	60	47.9	46.59	44.5	42.97	41.04
59.99	86	343.6	60	47.93	46.62	44.53	43	41.05
60.01	86	344.6	60	47.95	46.65	44.55	43.01	41.05
60.02	86	345.7	60	47.99	46.66	44.56	43.03	41.07
60	86	346.8	60	48	46.68	44.59	43.06	41.07
59.99	86	347.8	60	48.02	46.67	44.57	43.05	41.08
60.03	85	348.9	60	48.03	46.69	44.55	43.06	41.11
60.03	85	350	60	48.05	46.71	44.61	43.08	41.14
60.05	85	351.1	60	48.07	46.71	44.63	43.11	41.16
60	86	352.1	60	48.09	46.75	44.63	43.14	41.16
60.05	85	353.2	60	48.08	46.75	44.63	43.12	41.17
60.03	85	354.3	60	48.09	46.75	44.63	43.15	41.18
59.98	86	355.3	60	48.14	46.77	44.61	43.11	41.19
60	86	356.4	60	48.14	46.75	44.66	43.15	41.21
60.04	85	357.5	60	48.12	46.73	44.68	43.15	41.21
60.02	85	358.5	60	48.15	46.79	44.66	43.14	41.23
59.98	86	359.6	60	48.08	46.76	44.69	43.17	41.23
59.95	86	360.7	60	48.14	46.77	44.72	43.21	41.29
60.01	86	361.7	60	48.13	46.8	44.73	43.27	41.33
60.02	85	362.8	60	48.15	46.82	44.78	43.31	41.34
60.03	85	363.9	60	48.17	46.85	44.82	43.34	41.37
60.06	85	364.9	60	48.19	46.88	44.83	43.37	41.42
60.03	85	366	60	48.2	46.9	44.87	43.41	41.45
60	86	367.1	60	48.24	46.92	44.85	43.39	41.45
60.01	85	368.1	60	48.27	46.94	44.85	43.39	41.46
60.05	85	369.2	60	48.28	46.93	44.88	43.42	41.5
60.05	85	370.3	60	48.3	46.92	44.88	43.44	41.55
59.99	86	371.3	60	48.3	46.91	44.88	43.43	41.54
60.01	85	372.4	60	48.3	46.93	44.88	43.43	41.54
60.03	85	373.5	60	48.31	46.93	44.88	43.44	41.55
60.04	85	374.5	60	48.31	46.94	44.86	43.43	41.52
60.02	85	375.6	60	48.33	46.91	44.84	43.42	41.52
60.02	85	376.7	60	48.34	46.93	44.87	43.46	41.53
60.08	84	377.7	60	48.36	46.93	44.88	43.48	41.58
59.96	86	378.8	60	48.37	46.95	44.92	43.55	41.63
60.07	84	379.9	60	48.42	46.97	44.96	43.57	41.64
60.04	84	380.9	60	48.43	46.96	44.97	43.56	41.64
59.99	85	382	60	48.42	47	44.95	43.55	41.63
60.01	85	383.1	60	48.43	47	44.96	43.56	41.63
60.02	85	384.1	60	48.45	47	44.96	43.56	41.63
60.03	85	385.2	60	48.46	47.01	44.96	43.54	41.62
59.98	85	386.3	60	48.45	47.02	44.96	43.53	41.62
60.01	85	387.3	60	48.43	47.04	44.94	43.55	41.63
60.03	85	388.4	60	48.42	47.04	44.97	43.53	41.64
60.03	85	389.5	60	48.43	47.07	44.97	43.55	41.67
60.03	84	390.5	60	48.43	47.07	45.01	43.57	41.69
60.01	85	391.6	60	48.4	47.09	45.04	43.61	41.73
60.01	85	392.7	60	48.41	47.11	45.1	43.63	41.76
60.03	84	393.7	60	48.42	47.16	45.16	43.69	41.77
60.02	85	394.8	60	48.47	47.18	45.17	43.72	41.79
60.02	85	395.9	60	48.46	47.2	45.17	43.76	41.79
60.04	84	396.9	60	48.48	47.2	45.15	43.79	41.79
59.97	85	398	60	48.47	47.18	45.14	43.75	41.77
60.04	84	399.1	60	48.49	47.18	45.13	43.68	41.78
60.06	84	400.1	60	48.49	47.17	45.11	43.68	41.74
60.02	84	401.2	60	48.5	47.14	45.12	43.69	41.75
60.01	84	402.3	60	48.49	47.13	45.11	43.69	41.77
59.96	85	403.3	60	48.47	47.13	45.12	43.7	41.79
59.98	85	404.4	60	48.47	47.16	45.14	43.75	41.84
59.99	85	405.5	60	48.48	47.19	45.17	43.78	41.87
59.98	85	406.5	60	48.49	47.17	45.17	43.79	41.9
59.98	85	407.6	60	48.48	47.22	45.17	43.8	41.93
60	85	408.7	60	48.5	47.22	45.22	43.84	41.94
60.02	85	409.7	60	48.53	47.23	45.21	43.84	41.95
59.99	85	410.8	60	48.56	47.23	45.22	43.83	41.93
60.03	84	411.9	60	48.55	47.25	45.24	43.82	41.92
60.01	85	412.9	60	48.56	47.25	45.27	43.84	41.93
60.03	84	414	60	48.58	47.29	45.28	43.84	41.93
59.99	85	415.1	60	48.59	47.28	45.26	43.86	41.94
60.02	84	416.1	60	48.6	47.27	45.26	43.88	41.95
59.99	85	417.2	60	48.61	47.3	45.23	43.86	41.96
60.02	84	418.3	60	48.61	47.3	45.24	43.84	41.97
59.98	85	419.3	60	48.61	47.29	45.23	43.84	41.98
60.01	85	420.4	60	48.57	47.27	45.28	43.84	41.97
59.96	85	421.5	60	48.59	47.27	45.26	43.84	41.97
59.98	85	422.5	60	48.57	47.31	45.26	43.85	41.96
59.99	85	423.6	60	48.56	47.33	45.31	43.89	42.01
59.99	85	424.7	60	48.55	47.33	45.33	43.94	42.09
60.04	84	425.7	60	48.57	47.34	45.34	43.94	42.13
60.01	85	426.8	60	48.56	47.34	45.37	43.99	42.16
60.02	84	427.9	60	48.59	47.38	45.41	44.05	42.18
60	85	428.9	60	48.62	47.37	45.42	44.08	42.21
60.09	83	430	60	48.63	47.37	45.39	44.1	42.22
60.12	83	431.1	60	48.65	47.35	45.38	44.11	42.24
60.13	82	432.1	60	48.69	47.35	45.4	44.12	42.24
60.12	82	433.2	60	48.7	47.35	45.39	44.1	42.22
60.15	82	434.3	60	48.72	47.35	45.35	44.08	42.19
60.13	82	435.3	60	48.72	47.35	45.34	44.05	42.18
60.08	83	436.4	60	48.74	47.33	45.35	44.04	42.17
60.08	82	437.5	60	48.77	47.33	45.36	44.08	42.19
60.01	84	438.5	60	48.77	47.33	45.36	44.07	42.15
60.05	83	439.6	60	48.78	47.35	45.33	44.06	42.14
60.04	83	440.7	60	48.81	47.34	45.34	44.05	42.11
60.03	83	441.7	60	48.78	47.36	45.36	44.04	42.09
60.03	83	442.8	60	48.78	47.35	45.34	44.03	42.1
60.06	82	443.9	60	48.8	47.35	45.34	44.01	42.11
59.99	84	444.9	60	48.79	47.35	45.36	44.04	42.11
59.99	84	446	60	48.8	47.38	45.44	44.08	42.14
60.02	83	447.1	60	48.8	47.43	45.49	44.11	42.16
59.97	84	448.1	60	48.81	47.44	45.49	44.11	42.17
60.01	83	449.2	60	48.84	47.45	45.48	44.14	42.18
60.01	83	450.3	60	48.85	47.45	45.52	44.17	42.24
59.97	84	451.3	60	48.87	47.45	45.56	44.21	42.29
60.03	83	452.4	60	48.89	47.45	45.57	44.26	42.31
59.97	84	453.5	60	48.89	47.46	45.59	44.27	42.28
60	83	454.5	60	48.9	47.45	45.54	44.25	42.26
60	84	455.6	60	48.91	47.43	45.56	44.26	42.26
60	83	456.7	60	48.91	47.46	45.52	44.25	42.27
59.97	84	457.7	60	48.92	47.45	45.54	44.26	42.31
59.97	84	458.8	60	48.92	47.45	45.53	44.22	42.29
59.99	84	459.9	60	48.91	47.45	45.52	44.23	42.3
59.98	84	460.9	60	48.9	47.47	45.56	44.26	42.35
60	84	462	60	48.91	47.5	45.61	44.31	42.41
59.98	84	463.1	60	48.91	47.54	45.64	44.34	42.45
60	84	464.1	60	48.91	47.59	45.68	44.37	42.5
59.98	84	465.2	60	48.92	47.58	45.7	44.4	42.52
60.01	83	466.3	60	48.94	47.61	45.69	44.37	42.51
60.02	83	467.3	60	48.96	47.61	45.69	44.37	42.5
60	84	468.4	60	48.97	47.63	45.67	44.34	42.47
60.03	83	469.5	60	48.97	47.64	45.66	44.33	42.47
60	84	470.5	60	48.98	47.64	45.67	44.36	42.51
60.05	83	471.6	60	48.97	47.65	45.68	44.39	42.58
59.99	84	472.7	60	48.99	47.65	45.71	44.42	42.59
59.98	84	473.7	60	48.99	47.69	45.73	44.42	42.6
59.98	84	474.8	60	48.99	47.68	45.75	44.42	42.59
60.04	83	475.9	60	48.99	47.66	45.73	44.41	42.6
59.99	84	476.9	60	48.98	47.67	45.7	44.41	42.6
59.97	84	478	60	48.97	47.68	45.71	44.41	42.61
60.01	83	479.1	60	48.95	47.68	45.73	44.43	42.62
60.02	83	480.1	60	48.95	47.69	45.74	44.42	42.6
59.98	84	481.2	60	48.94	47.69	45.74	44.42	42.58
60.02	83	482.3	60	48.94	47.69	45.75	44.43	42.6
60.02	83	483.3	60	48.93	47.7	45.73	44.43	42.61
60.01	83	484.4	60	48.94	47.71	45.74	44.45	42.63
59.98	84	485.5	60	48.93	47.74	45.77	44.48	42.66
59.99	84	486.5	60	48.95	47.74	45.82	44.5	42.66
59.97	84	487.6	60	48.96	47.77	45.82	44.53	42.69
60	84	488.7	60	48.97	47.8	45.85	44.56	42.73
60.02	83	489.7	60	49	47.8	45.88	44.59	42.75
59.98	84	490.8	60	49.02	47.84	45.89	44.6	42.76
60	84	491.9	60	49.05	47.82	45.88	44.59	42.76
60.01	83	492.9	60	49.04	47.8	45.87	44.56	42.76
59.98	84	494	60	49.07	47.81	45.85	44.55	42.76
59.99	84	495.1	60	49.06	47.81	45.86	44.58	42.77
59.98	84	496.1	60	49.08	47.82	45.89	44.59	42.81
60	84	497.2	60	49.07	47.85	45.94	44.64	42.84
59.99	84	498.3	60	49.08	47.85	45.96	44.66	42.85
60.02	83	499.3	60	49.1	47.9	45.98	44.69	42.86
60	84	500.4	60	49.1	47.89	45.98	44.71	42.86
60.01	83	501.5	60	49.12	47.9	45.99	44.71	42.87
60	84	502.5	60	49.13	47.92	45.99	44.71	42.87
60	84	503.6	60	49.13	47.91	46	44.72	42.89
60	84	504.7	60	49.14	47.9	45.99	44.73	42.89
60.02	83	505.7	60	49.13	47.92	46.01	44.72	42.88
60.01	83	506.8	60	49.14	47.92	46.01	44.73	42.91
60.01	83	507.9	60	49.14	47.94	46.01	44.73	42.89
60.02	83	508.9	60	49.15	47.94	46.05	44.74	42.9
60.02	83	510	60	49.17	47.96	46.06	44.72	42.89
60.01	83	511.1	60	49.17	47.97	46.06	44.74	42.94
60	84	512.1	60	49.17	47.97	46.07	44.76	42.95
60	83	513.2	60	49.17	47.97	46.05	44.78	42.99
59.98	84	514.3	60	49.18	47.98	46.06	44.81	43.03
60.02	83	515.3	60	49.18	47.97	46.1	44.88	43.1
59.99	84	516.4	60	49.21	48.01	46.13	44.89	43.11
59.92	85	517.5	60	49.22	48.04	46.17	44.89	43.13
59.98	84	518.5	60	49.24	48.08	46.19	44.91	43.15
59.96	84	519.6	60	49.25	48.08	46.2	44.93	43.14
60.03	83	520.7	60	49.27	48.04	46.13	44.91	43.11
59.98	84	521.7	60	49.28	48.06	46.11	44.86	43.12
60.04	83	522.8	60	49.26	48.03	46.1	44.85	43.1
60.02	83	523.9	60	49.27	48.02	46.1	44.86	43.12
60.03	83	524.9	60	49.27	48.04	46.13	44.87	43.13
60.05	83	526	60	49.27	48.04	46.14	44.89	43.17
60.02	83	527.1	60	49.27	48.07	46.18	44.91	43.17
60.01	83	528.1	60	49.28	48.08	46.17	44.92	43.17
59.98	84	529.2	60	49.27	48.1	46.18	44.91	43.15
60.01	83	530.3	60	49.28	48.1	46.19	44.93	43.14
60	83	531.3	60	49.28	48.08	46.16	44.94	43.14
60.01	83	532.4	60	49.27	48.06	46.19	44.94	43.14
59.97	84	533.5	60	49.29	48.1	46.21	44.95	43.15
60	84	534.5	60	49.28	48.08	46.28	44.98	43.17
59.98	84	535.6	60	49.28	48.11	46.28	45.01	43.17
59.99	84	536.7	60	49.29	48.11	46.27	45.01	43.16
59.98	84	537.7	60	49.33	48.1	46.24	45.01	43.18
59.96	84	538.8	60	49.34	48.12	46.24	45	43.2
59.99	84	539.9	60	49.36	48.1	46.27	45.07	43.24
59.99	84	540.9	60	49.37	48.15	46.32	45.1	43.26
60.06	83	542	60	49.38	48.15	46.34	45.13	43.27
60.01	83	543.1	60	49.43	48.16	46.34	45.12	43.27
60.03	83	544.1	60	49.42	48.18	46.34	45.09	43.24
60	84	545.2	60	49.44	48.19	46.34	45.08	43.19
59.99	84	546.3	60	49.43	48.17	46.31	45.02	43.17
60.01	83	547.3	60	49.4	48.14	46.29	45	43.15
60	84	548.4	60	49.4	48.18	46.27	44.99	43.14
60.01	83	549.5	60	49.38	48.13	46.23	44.94	43.15
59.97	84	550.5	60	49.38	48.13	46.26	44.99	43.11
59.96	84	551.6	60	49.33	48.15	46.24	44.97	43.12
59.99	84	552.7	60	49.36	48.15	46.26	44.98	43.12
59.99	84	553.7	60	49.36	48.18	46.25	45.01	43.18
60	84	554.8	60	49.37	48.17	46.32	45.03	43.23
59.99	84	555.9	60	49.39	48.21	46.36	45.09	43.3
60.04	83	556.9	60	49.38	48.25	46.39	45.14	43.33
60.04	83	558	60	49.45	48.24	46.42	45.16	43.36
60.01	83	559.1	60	49.42	48.29	46.42	45.2	43.38
59.97	84	560.1	60	49.46	48.27	46.48	45.22	43.36
60.03	83	561.2	60	49.47	48.3	46.5	45.27	43.33
60	83	562.3	60	49.49	48.34	46.51	45.3	43.29
59.99	84	563.3	60	49.55	48.35	46.53	45.29	43.29
60.03	83	564.4	60	49.53	48.38	46.52	45.29	43.27
60.01	83	565.5	60	49.54	48.4	46.54	45.35	43.27
60.02	83	566.5	60	49.55	48.43	46.55	45.36	43.25
59.99	84	567.6	60	49.57	48.44	46.54	45.34	43.2
59.98	84	568.7	60	49.58	48.4	46.53	45.3	43.2
60.01	83	569.7	60	49.62	48.41	46.53	45.31	43.13
60.03	83	570.8	60	49.63	48.41	46.56	45.28	43.14
59.99	84	571.9	60	49.6	48.45	46.57	45.28	43.12
60.03	83	573	60	49.64	48.43	46.58	45.27	43.06
60	83	574	60	49.64	48.46	46.55	45.31	43.08
60.01	83	575.1	60	49.61	48.46	46.57	45.26	43.03
59.98	84	576.2	60	49.63	48.4	46.5	45.26	42.99
60	83	577.2	60	49.58	48.41	46.48	45.19	42.95
60.01	83	578.3	60	49.59	48.33	46.44	45.2	42.97
60	83	579.4	60	49.54	48.3	46.49	45.21	42.96
59.93	85	580.4	60	49.49	48.31	46.49	45.22	43.02
59.95	84	581.5	60	49.45	48.32	46.52	45.27	43.09
59.96	84	582.5	60	49.45	48.35	46.54	45.31	43.16
59.96	84	583.6	60	49.43	48.39	46.6	45.35	43.22
59.97	84	584.7	60	49.48	48.42	46.6	45.39	43.31
59.98	84	585.7	60	49.49	48.44	46.6	45.43	43.36
59.97	84	586.8	60	49.53	48.47	46.66	45.43	43.36
60	84	587.9	60	49.52	48.48	46.71	45.52	43.39
59.91	85	588.9	60	49.59	48.55	46.68	45.54	43.38
60.03	83	590	60	49.56	48.48	46.68	45.5	43.41
59.99	84	591.1	60	49.59	48.52	46.63	45.48	43.44
60.06	83	592.1	60	49.61	48.49	46.62	45.55	43.41
60.02	83	593.2	60	49.63	48.49	46.67	45.52	43.39
60.03	83	594.3	60	49.63	48.51	46.69	45.51	43.32
60	84	595.3	60	49.65	48.53	46.65	45.47	43.32
59.97	84	596.4	60	49.66	48.53	46.65	45.42	43.26
60.03	83	597.5	60	49.67	48.46	46.62	45.4	43.19
59.96	84	598.5	60	49.64	48.46	46.58	45.36	43.14
59.99	84	599.6	60	49.6	48.44	46.56	45.33	43.16
60.06	83	600.7	60	49.62	48.42	46.61	45.32	43.14
59.99	84	601.7	60	49.58	48.49	46.64	45.34	43.16
59.98	84	602.8	60	49.56	48.49	46.66	45.37	43.17
60.02	83	603.9	60	49.63	48.53	46.65	45.38	43.2
60.01	83	604.9	60	49.62	48.48	46.67	45.42	43.2
59.98	84	606	60	49.58	48.49	46.62	45.39	43.15
59.95	85	607.1	60	49.55	48.45	46.62	45.35	43.16
60	84	608.1	60	49.52	48.45	46.59	45.34	43.11
59.96	84	609.2	60	49.53	48.42	46.57	45.31	43.1
60.08	83	610.3	60	49.56	48.39	46.5	45.28	43.08
59.89	86	611.3	60	49.46	48.4	46.53	45.29	43.14
59.86	86	612.4	60	49.51	48.34	46.49	45.3	43.12
59.92	85	613.5	60	49.42	48.39	46.58	45.31	43.1
60.01	84	614.5	60	49.42	48.34	46.44	45.25	43.04
59.99	84	615.6	60	49.33	48.38	46.59	45.25	43.05
60.01	84	616.7	60	49.4	48.46	46.6	45.3	43.02
60.02	84	617.7	60	49.38	48.36	46.52	45.22	43.07
59.99	84	618.8	60	49.34	48.39	46.42	45.22	43.02
59.95	85	619.9	60	49.42	48.37	46.48	45.23	43.07
60	84	620.9	60	49.31	48.4	46.49	45.26	43.06
59.97	85	622	60	49.36	48.37	46.5	45.21	43.02
59.92	86	623.1	60	49.32	48.39	46.55	45.29	43.06
60.06	83	624.1	60	49.31	48.37	46.57	45.32	43.09
59.96	85	625.2	60	49.34	48.41	46.57	45.29	43.14
59.99	84	626.3	60	49.33	48.39	46.59	45.32	43.16
59.96	85	627.3	60	49.31	48.39	46.57	45.32	43.13
60	84	628.4	60	49.33	48.39	46.56	45.32	43.15
60.03	84	629.5	60	49.33	48.43	46.54	45.34	43.18
59.96	85	630.5	60	49.36	48.45	46.59	45.39	43.22
60.03	84	631.6	60	49.37	48.49	46.64	45.44	43.27
59.99	85	632.7	60	49.4	48.48	46.7	45.48	43.28
60.01	84	633.7	60	49.42	48.55	46.68	45.51	43.3
60	84	634.8	60	49.44	48.57	46.73	45.49	43.26
60.02	84	635.9	60	49.46	48.54	46.75	45.45	43.25
59.99	84	636.9	60	49.48	48.53	46.68	45.45	43.22
60.01	84	638	60	49.48	48.51	46.71	45.43	43.22
60.01	84	639.1	60	49.51	48.53	46.7	45.45	43.2
59.97	85	640.1	60	49.5	48.51	46.69	45.46	43.25
60.01	84	641.2	60	49.54	48.52	46.72	45.49	43.34
59.97	85	642.3	60	49.5	48.56	46.75	45.56	43.42
60.05	84	643.3	60	49.55	48.62	46.77	45.58	43.44
60	84	644.4	60	49.54	48.61	46.77	45.62	43.48
60.03	84	645.5	60	49.58	48.61	46.83	45.62	43.54
60.04	84	646.5	60	49.58	48.64	46.87	45.64	43.6
60.07	83	647.6	60	49.6	48.69	46.9	45.7	43.68
60.02	84	648.7	60	49.64	48.74	46.91	45.74	43.65
60.03	84	649.7	60	49.7	48.72	46.93	45.75	43.6
60.06	83	650.8	60	49.7	48.76	46.95	45.74	43.58
60.03	83	651.9	60	49.74	48.74	46.95	45.78	43.52
60.05	83	653	60	49.76	48.76	46.93	45.76	43.51
60.04	83	654	60	49.81	48.75	46.96	45.76	43.55
60.03	83	655.1	60	49.79	48.81	46.96	45.8	43.58
60.04	83	656.2	60	49.83	48.8	46.96	45.8	43.55
60.06	83	657.2	60	49.81	48.81	46.95	45.82	43.55
60.02	83	658.3	60	49.84	48.83	47	45.85	43.57
60.04	83	659.4	60	49.87	48.83	46.99	45.87	43.59
60.02	83	660.4	60	49.88	48.82	47.01	45.87	43.57
60.05	83	661.5	60	49.9	48.79	47.01	45.88	43.51
60.07	82	662.6	60	49.88	48.74	47.01	45.85	43.5
60.06	82	663.6	60	49.9	48.74	46.98	45.84	43.47
59.99	83	664.7	60	49.91	48.75	46.92	45.84	43.4
59.99	83	665.8	60	49.95	48.71	46.93	45.81	43.35
60.01	83	666.8	60	49.98	48.72	46.9	45.78	43.33
60.01	83	667.9	60	49.96	48.71	46.89	45.77	43.29
59.98	84	669	60	49.98	48.69	46.9	45.75	43.31
60	83	670	60	49.96	48.69	46.91	45.76	43.34
59.98	84	671.1	60	49.97	48.71	46.93	45.78	43.36
60.06	82	672.2	60	49.96	48.72	46.92	45.81	43.35
59.97	84	673.2	60	49.95	48.71	46.93	45.78	43.36
59.99	83	674.3	60	49.97	48.73	46.91	45.78	43.34
59.99	83	675.4	60	49.99	48.74	46.87	45.75	43.36
60.01	83	676.4	60	49.98	48.69	46.87	45.74	43.33
59.98	84	677.5	60	49.97	48.73	46.89	45.73	43.36
60.01	83	678.6	60	49.92	48.71	46.9	45.75	43.42
60.02	83	679.6	60	49.92	48.73	46.96	45.8	43.43
60.04	83	680.7	60	49.89	48.77	46.99	45.83	43.47
60.02	83	681.8	60	49.89	48.77	47	45.84	43.5
60.03	83	682.8	60	49.87	48.8	47	45.85	43.52
60.02	83	683.9	60	49.9	48.79	47.01	45.86	43.53
60.03	83	685	60	49.91	48.83	47.03	45.87	43.51
60.01	83	686	60	49.92	48.82	47.02	45.88	43.52
59.99	83	687.1	60	49.92	48.83	47.03	45.88	43.54
60	83	688.2	60	49.93	48.84	47.03	45.87	43.51
60.01	83	689.2	60	49.93	48.84	47.03	45.85	43.48
60	83	690.3	60	49.93	48.84	47.01	45.83	43.45
60.01	83	691.4	60	49.92	48.83	46.99	45.81	43.43
60.01	83	692.4	60	49.9	48.83	46.97	45.81	43.44
60.02	83	693.5	60	49.89	48.81	46.97	45.78	43.41
59.99	83	694.6	60	49.88	48.79	46.96	45.76	43.39
59.99	83	695.6	60	49.86	48.8	46.98	45.76	43.38
60.02	83	696.7	60	49.83	48.78	46.99	45.77	43.4
59.99	83	697.8	60	49.82	48.79	46.98	45.77	43.39
60	83	698.8	60	49.79	48.77	46.95	45.77	43.4
59.99	83	699.9	60	49.76	48.75	46.94	45.74	43.39
59.98	83	701	60	49.74	48.75	46.93	45.76	43.4
60	83	702	60	49.73	48.77	46.95	45.76	43.42
59.96	84	703.1	60	49.73	48.78	46.96	45.77	43.41
59.97	84	704.2	60	49.7	48.78	46.96	45.77	43.36
60	83	705.2	60	49.7	48.78	46.95	45.75	43.36
60	83	706.3	60	49.7	48.77	46.98	45.78	43.36
59.96	84	707.4	60	49.68	48.78	47.01	45.76	43.35
59.97	84	708.4	60	49.71	48.8	47	45.77	43.36
60.01	83	709.5	60	49.7	48.77	46.98	45.75	43.37
59.96	84	710.6	60	49.69	48.82	47.05	45.79	43.38
60	83	711.6	60	49.7	48.82	47.07	45.83	43.42
60.01	83	712.7	60	49.74	48.88	47.05	45.86	43.42
59.99	83	713.8	60	49.76	48.85	47.04	45.86	43.4
59.98	84	714.8	60	49.76	48.86	47	45.86	43.4
59.95	84	715.9	60	49.78	48.84	47.04	45.87	43.44
60	84	717	60	49.78	48.87	47.1	45.9	43.46
59.99	84	718	60	49.8	48.9	47.11	45.93	43.53
60.03	83	719.1	60	49.82	48.92	47.15	45.98	43.61
60.03	83	720.2	60	49.83	48.95	47.19	46.03	43.72
59.96	84	721.2	60	49.87	48.95	47.22	46.05	43.72
60.01	83	722.3	60	49.88	48.99	47.18	46.04	43.68
60.05	83	723.4	60	49.91	48.94	47.15	46	43.64
60.01	83	724.4	60	49.92	48.96	47.13	45.98	43.64
60.03	83	725.5	60	49.93	48.92	47.1	45.94	43.56
60.07	82	726.6	60	49.92	48.93	47.07	45.91	43.51
60.02	83	727.6	60	49.93	48.93	47.09	45.9	43.49
60.02	83	728.7	60	49.9	48.92	47.12	45.89	43.51
59.99	83	729.8	60	49.91	48.93	47.13	45.92	43.52
60.02	83	730.8	60	49.92	48.95	47.16	45.94	43.55
60	83	731.9	60	49.93	48.95	47.16	45.96	43.56
59.98	84	733	60	49.93	48.96	47.16	45.97	43.57
59.99	83	734	60	49.91	48.94	47.12	45.96	43.52
60.02	83	735.1	60	49.92	48.91	47.1	45.93	43.52
59.99	83	736.2	60	49.9	48.9	47.1	45.93	43.54
60.05	82	737.2	60	49.9	48.9	47.12	45.92	43.53
60.04	83	738.3	60	49.88	48.91	47.11	45.92	43.53
59.99	83	739.4	60	49.89	48.89	47.15	45.94	43.53
60	83	740.4	60	49.87	48.89	47.12	45.93	43.52
60	83	741.5	60	49.89	48.89	47.11	45.91	43.51
60.01	83	742.6	60	49.87	48.9	47.09	45.92	43.49
59.99	83	743.6	60	49.86	48.89	47.12	45.9	43.51
59.99	83	744.7	60	49.87	48.89	47.11	45.92	43.47
59.95	84	745.8	60	49.85	48.89	47.11	45.93	43.48
59.97	84	746.8	60	49.84	48.88	47.08	45.89	43.43
59.99	84	747.9	60	49.83	48.89	47.08	45.85	43.39
60	83	749	60	49.81	48.89	47.07	45.83	43.37
59.97	84	750	60	49.82	48.88	47.1	45.82	43.37
60.02	83	751.1	60	49.82	48.93	47.07	45.82	43.41
59.97	84	752.2	60	49.77	48.9	47.1	45.82	43.47
59.9	85	753.2	60	49.78	48.86	47.16	45.83	43.44
59.97	84	754.3	60	49.82	48.85	47.07	45.89	43.49
59.98	84	755.4	60	49.84	48.83	47.07	45.94	43.57
60	84	756.4	60	49.78	48.81	47.06	45.96	43.59
60.04	83	757.5	60	49.79	48.78	47.1	45.9	43.51
60.17	81	758.6	60	49.78	48.91	47.07	45.97	43.64
59.89	85	759.6	60	49.77	48.87	47.09	46.02	43.64
59.96	84	760.7	60	49.74	48.91	47.19	46.02	43.68
60.06	82	761.8	60	49.86	48.9	47.05	45.93	43.55
60.05	83	762.8	60	49.85	48.93	47.09	45.93	43.52
60.02	83	763.9	60	49.85	48.94	47.03	45.92	43.49
60.01	83	765	60	49.79	48.85	47.03	45.89	43.45
60.04	83	766	60	49.81	48.84	47.02	45.87	43.44
59.97	84	767.1	60	49.77	48.86	47.02	45.86	43.44
60	83	768.2	60	49.77	48.85	47.06	45.89	43.48
60.06	82	769.2	60	49.78	48.88	47.12	45.92	43.53
60	83	770.3	60	49.77	48.9	47.15	45.94	43.61
60	83	771.4	60	49.78	48.93	47.19	46	43.66
60.02	83	772.4	60	49.79	48.96	47.22	46.02	43.63
59.99	83	773.5	60	49.84	48.97	47.19	46.01	43.57
59.97	84	774.6	60	49.84	48.97	47.16	45.96	43.53
59.99	83	775.6	60	49.84	48.94	47.1	45.94	43.51
60.01	83	776.7	60	49.82	48.95	47.1	45.91	43.47
60.02	83	777.8	60	49.85	48.93	47.09	45.91	43.44
60	83	778.8	60	49.84	48.9	47.11	45.89	43.45
60.05	82	779.9	60	49.81	48.9	47.07	45.91	43.4
59.96	84	781	60	49.79	48.87	47.04	45.87	43.4
60	83	782	60	49.77	48.86	47.07	45.84	43.38
59.97	84	783.1	60	49.76	48.86	47.07	45.87	43.39
60.01	83	784.2	60	49.73	48.86	47.08	45.89	43.45
60	83	785.2	60	49.74	48.9	47.13	45.93	43.51
59.97	84	786.3	60	49.75	48.93	47.14	45.95	43.57
60.01	83	787.4	60	49.76	48.93	47.16	45.98	43.61
60.02	83	788.4	60	49.78	48.93	47.2	45.98	43.62
60.02	83	789.5	60	49.81	48.98	47.18	45.97	43.63
59.96	84	790.6	60	49.83	48.97	47.2	46.01	43.65
60.01	83	791.6	60	49.83	48.98	47.2	46.02	43.63
59.96	84	792.7	60	49.87	48.96	47.25	46.07	43.61
60	83	793.8	60	49.84	48.93	47.19	46.13	43.71
60.22	80	794.8	60	50.02	48.93	47.13	45.99	43.77
59.98	83	795.9	60	49.82	49.11	47.19	46.13	43.72
60.25	79	797	60	50.06	49.05	47.22	46.13	43.76
60.2	79	798	60	49.98	49.03	47.34	46.09	43.92
60.04	82	799.1	60	49.97	49.08	47.38	46.23	43.91
60.12	80	800.2	60	50.04	49.15	47.39	46.36	43.98
59.92	84	801.2	60	50.03	49.12	47.36	46.27	43.96
60.1	81	802.3	60	50.06	49.14	47.33	46.23	43.93
60.13	80	803.4	60	50.12	49.08	47.23	46.25	43.92
59.77	86	804.4	60	49.94	49.12	47.44	46.29	43.94
60.07	81	805.5	60	50.11	49.08	47.37	46.24	43.83
60.1	81	806.6	60	50	49.16	47.38	46.2	43.88
59.84	85	807.6	60	50.11	49.24	47.43	46.19	43.92
59.93	84	808.7	60	50.1	49.13	47.27	46.21	43.85
59.95	83	809.8	60	50.09	49.12	47.29	46.22	43.89
59.94	84	810.8	60	50.1	49.15	47.31	46.22	43.91
59.96	83	811.9	60	50.12	49.16	47.35	46.23	43.9
59.95	84	813	60	50.12	49.1	47.34	46.22	43.91
59.98	83	814	60	50.16	49.09	47.33	46.21	43.87
59.95	83	815.1	60	50.16	49.13	47.3	46.17	43.86
59.98	83	816.2	60	50.15	49.13	47.31	46.18	43.83
59.99	83	817.2	60	50.16	49.12	47.31	46.18	43.81
59.97	83	818.3	60	50.17	49.12	47.31	46.14	43.81
60	83	819.4	60	50.16	49.13	47.32	46.14	43.75
59.98	83	820.4	60	50.15	49.11	47.3	46.13	43.73
60.01	83	821.5	60	50.16	49.09	47.28	46.1	43.74
60.01	83	822.6	60	50.09	49.1	47.31	46.16	43.79
59.96	84	823.6	60	50.07	49.08	47.32	46.18	43.82
60	83	824.7	60	50.06	49.1	47.31	46.15	43.8
60.04	82	825.8	60	50.07	49.09	47.33	46.14	43.76
59.98	83	826.8	60	50.05	49.09	47.34	46.15	43.77
60.07	82	827.9	60	50.06	49.12	47.34	46.16	43.79
59.99	83	829	60	50.03	49.11	47.36	46.18	43.83
60.06	82	830	60	50.03	49.16	47.38	46.19	43.87
60.02	82	831.1	60	50.07	49.13	47.42	46.22	43.87
60.04	82	832.2	60	50.04	49.18	47.4	46.24	43.89
60	83	833.2	60	50.08	49.17	47.43	46.27	43.94
59.99	83	834.3	60	50.1	49.19	47.44	46.3	43.99
60.04	82	835.4	60	50.1	49.2	47.44	46.29	43.98
59.96	83	836.4	60	50.12	49.2	47.42	46.28	43.97
60.02	82	837.5	60	50.12	49.2	47.42	46.26	43.94
60.02	82	838.6	60	50.13	49.2	47.4	46.23	43.93
60.02	82	839.6	60	50.12	49.16	47.38	46.24	43.94
60	83	840.7	60	50.12	49.15	47.41	46.23	43.93
59.98	83	841.8	60	50.12	49.21	47.39	46.23	43.9
60.03	82	842.8	60	50.12	49.16	47.4	46.22	43.94
59.99	83	843.9	60	50.1	49.15	47.43	46.23	43.91
60.01	82	845	60	50.13	49.18	47.42	46.24	43.89
59.98	83	846	60	50.08	49.18	47.43	46.26	43.91
60.02	82	847.1	60	50.1	49.18	47.43	46.26	43.91
60.04	82	848.2	60	50.12	49.21	47.43	46.24	43.91
60	83	849.2	60	50.11	49.2	47.43	46.24	43.86
60.03	82	850.3	60	50.12	49.19	47.43	46.24	43.86
59.98	83	851.4	60	50.11	49.17	47.42	46.25	43.88
59.97	83	852.4	60	50.11	49.18	47.41	46.26	43.84
60.02	82	853.5	60	50.11	49.19	47.4	46.27	43.85
59.97	83	854.6	60	50.11	49.2	47.42	46.26	43.86
59.98	83	855.6	60	50.11	49.2	47.41	46.26	43.84
59.98	83	856.7	60	50.11	49.18	47.43	46.26	43.86
59.97	83	857.8	60	50.11	49.18	47.44	46.3	43.97
59.97	83	858.8	60	50.13	49.21	47.48	46.37	44.05
60.01	83	859.9	60	50.11	49.21	47.52	46.4	44.13
60.01	82	861	60	50.14	49.28	47.51	46.43	44.15
60	83	862	60	50.16	49.26	47.48	46.44	44.16
60.03	82	863.1	60	50.17	49.27	47.49	46.41	44.11
59.96	83	864.2	60	50.17	49.24	47.46	46.37	44.07
60	83	865.2	60	50.16	49.22	47.44	46.35	44.05
59.99	83	866.3	60	50.15	49.22	47.45	46.35	44.04
59.97	83	867.4	60	50.16	49.22	47.43	46.33	44.01
59.97	83	868.4	60	50.16	49.22	47.44	46.33	43.99
59.96	83	869.5	60	50.17	49.23	47.43	46.33	44
60.04	82	870.6	60	50.16	49.21	47.43	46.34	44.02
59.97	83	871.6	60	50.17	49.2	47.46	46.36	44.07
59.99	83	872.7	60	50.19	49.23	47.47	46.39	44.06
59.94	84	873.8	60	50.2	49.24	47.44	46.35	43.97
60	83	874.8	60	50.22	49.2	47.43	46.3	43.88
59.97	83	875.9	60	50.2	49.2	47.35	46.24	43.83
60.01	83	877	60	50.17	49.13	47.32	46.21	43.78
60.01	83	878	60	50.12	49.12	47.3	46.2	43.75
59.98	83	879.1	60	50.09	49.1	47.29	46.19	43.77
59.98	83	880.2	60	50.07	49.1	47.31	46.18	43.73
59.98	83	881.2	60	50.03	49.13	47.3	46.18	43.71
59.99	83	882.3	60	50.03	49.12	47.3	46.17	43.72
60	83	883.4	60	50	49.12	47.3	46.17	43.75
59.97	83	884.4	60	50	49.13	47.36	46.2	43.78
59.92	84	885.5	60	50	49.14	47.39	46.22	43.83
60.02	83	886.6	60	50.01	49.16	47.38	46.24	43.82
60	83	887.6	60	50.01	49.2	47.43	46.27	43.88
59.95	84	888.7	60	50.04	49.2	47.46	46.31	43.9
60.04	82	889.8	60	50.03	49.2	47.47	46.33	43.87
59.97	84	890.8	60	50.05	49.19	47.4	46.27	43.8
60	83	891.9	60	50.05	49.17	47.36	46.22	43.76
60.01	83	893	60	50.04	49.14	47.34	46.22	43.73
59.98	83	894	60	50.02	49.12	47.32	46.2	43.73
59.95	84	895.1	60	49.98	49.1	47.32	46.21	43.74
59.97	84	896.2	60	49.99	49.11	47.33	46.18	43.77
59.96	84	897.2	60	49.98	49.12	47.34	46.19	43.79
59.98	84	898.3	60	49.96	49.12	47.34	46.21	43.79
60.01	83	899.4	60	49.95	49.14	47.35	46.2	43.78
59.94	84	900.4	60	49.96	49.16	47.35	46.2	43.8
60.03	83	901.5	60	49.97	49.18	47.42	46.23	43.9
60.05	82	902.6	60	50.01	49.15	47.44	46.27	43.9
60	83	903.6	60	49.99	49.19	47.37	46.22	43.92
60.01	83	904.7	60	49.93	49.16	47.37	46.26	43.98
60.01	83	905.8	60	50.03	49.17	47.41	46.27	43.97
59.99	83	906.8	60	50.02	49.18	47.4	46.28	43.88
60.04	83	907.9	60	50.06	49.17	47.39	46.26	43.89
60	83	909	60	50.03	49.18	47.37	46.27	43.91
60	83	910	60	50.01	49.2	47.4	46.28	43.97
59.96	84	911.1	60	50.04	49.24	47.46	46.35	43.98
59.91	85	912.2	60	50.05	49.23	47.45	46.31	43.98
60.02	83	913.2	60	50.05	49.29	47.44	46.28	43.91
59.95	84	914.3	60	50.08	49.26	47.37	46.24	43.87
60.01	83	915.4	60	50.09	49.18	47.36	46.21	43.83
59.98	84	916.4	60	50.2	49.15	47.37	46.2	43.79
59.96	84	917.5	60	50.17	49.2	47.34	46.18	43.77
60	83	918.6	60	50.09	49.21	47.35	46.19	43.82
60	83	919.6	60	50.09	49.16	47.32	46.2	43.78
60.01	83	920.7	60	50.12	49.09	47.39	46.27	43.79
60.03	83	921.8	60	50.1	49.18	47.52	46.31	43.91
60.06	82	922.8	60	50.09	49.25	47.52	46.38	44.03
60.04	83	923.9	60	50.12	49.31	47.47	46.46	44.08
59.93	84	925	60	50.15	49.29	47.56	46.44	44.07
60.05	82	926	60	50.16	49.26	47.52	46.42	44.03
60.01	83	927.1	60	50.2	49.24	47.49	46.41	43.98
60.06	82	928.2	60	50.19	49.25	47.51	46.39	44
59.99	83	929.2	60	50.22	49.26	47.51	46.35	43.94
60.01	83	930.3	60	50.22	49.28	47.41	46.38	43.93
59.82	86	931.4	60	50.27	49.19	47.56	46.4	43.93
60.08	82	932.4	60	50.21	49.23	47.36	46.28	43.91
60.02	83	933.5	60	50.18	49.19	47.34	46.25	43.82
60.02	83	934.6	60	50.13	49.16	47.35	46.23	43.8
59.99	83	935.6	60	50.15	49.14	47.34	46.2	43.76
60.09	82	936.7	60	50.09	49.15	47.31	46.19	43.74
60.03	83	937.8	60	50.06	49.15	47.29	46.16	43.73
60.06	82	938.8	60	50.05	49.12	47.28	46.15	43.71
60.05	82	939.9	60	50.04	49.09	47.26	46.11	43.66
60.02	83	941	60	49.99	49.08	47.23	46.11	43.62
60	83	942	60	49.95	49.06	47.24	46.1	43.6
59.99	83	943.1	60	49.93	49.05	47.26	46.09	43.61
60.01	83	944.2	60	49.9	49.07	47.26	46.11	43.65
59.95	84	945.2	60	49.89	49.07	47.24	46.11	43.69
59.93	84	946.3	60	49.9	49.07	47.25	46.11	43.7
59.97	84	947.4	60	49.87	49.06	47.28	46.14	43.78
59.99	83	948.4	60	49.86	49.08	47.29	46.14	43.83
59.95	84	949.5	60	49.86	49.1	47.33	46.17	43.85
59.97	84	950.6	60	49.88	49.11	47.34	46.17	43.84
59.96	84	951.6	60	49.88	49.1	47.35	46.18	43.86
59.94	84	952.7	60	49.9	49.12	47.32	46.16	43.82
60	83	953.8	60	49.91	49.11	47.33	46.17	43.81
60	83	954.8	60	49.91	49.09	47.32	46.16	43.79
60.07	82	955.9	60	49.91	49.12	47.28	46.16	43.77
60.04	83	957	60	49.92	49.08	47.31	46.15	43.75
60.01	83	958	60	49.92	49.13	47.34	46.15	43.76
60.02	83	959.1	60	49.92	49.14	47.34	46.17	43.74
60.01	83	960.2	60	49.95	49.13	47.33	46.16	43.76
59.95	84	961.2	60	49.93	49.12	47.36	46.2	43.79
59.94	84	962.3	60	49.94	49.14	47.36	46.19	43.82
60	83	963.4	60	49.99	49.13	47.41	46.24	43.9
60	83	964.4	60	50	49.17	47.45	46.28	43.98
59.98	84	965.5	60	50.02	49.21	47.49	46.34	44.02
60	83	966.6	60	50.02	49.22	47.52	46.36	44.09
60.02	83	967.6	60	50.05	49.24	47.51	46.4	44.15
60	83	968.7	60	50.09	49.25	47.51	46.41	44.13
59.98	84	969.8	60	50.11	49.26	47.46	46.4	44.1
60.05	83	970.8	60	50.13	49.25	47.46	46.4	44.06
60.01	83	971.9	60	50.15	49.21	47.44	46.37	44.04
60.06	82	973	60	50.2	49.21	47.4	46.37	44
60	83	974	60	50.22	49.16	47.4	46.35	43.95
60.02	83	975.1	60	50.21	49.14	47.39	46.35	43.94
60.06	82	976.2	60	50.24	49.17	47.38	46.33	43.92
60.07	82	977.2	60	50.19	49.15	47.4	46.34	43.92
60	83	978.3	60	50.24	49.13	47.38	46.34	43.93
60.1	81	979.4	60	50.24	49.15	47.37	46.33	43.9
60.06	82	980.4	60	50.26	49.16	47.38	46.35	43.89
60.04	82	981.5	60	50.24	49.14	47.37	46.33	43.89
60.01	83	982.6	60	50.26	49.13	47.36	46.33	43.92
59.99	83	983.6	60	50.27	49.12	47.34	46.34	43.9
60.03	82	984.7	60	50.26	49.11	47.35	46.3	43.89
60.06	82	985.8	60	50.22	49.09	47.33	46.27	43.85
60.01	83	986.8	60	50.22	49.07	47.32	46.25	43.82
60	83	987.9	60	50.21	49.07	47.3	46.26	43.84
60.05	82	989	60	50.21	49.08	47.32	46.27	43.82
60.04	82	990	60	50.19	49.07	47.31	46.24	43.84
60.06	82	991.1	60	50.19	49.06	47.32	46.25	43.82
60.02	82	992.2	60	50.16	49.07	47.28	46.21	43.83
60.05	82	993.2	60	50.17	49.07	47.28	46.24	43.86
60.01	82	994.3	60	50.16	49.07	47.33	46.27	43.92
59.99	83	995.4	60	50.17	49.1	47.31	46.28	43.96
60.05	82	996.4	60	50.11	49.08	47.33	46.28	43.97
60.02	82	997.5	60	50.14	49.08	47.33	46.3	44.03
60.09	81	998.6	60	50.13	49.06	47.36	46.37	44.05
60.04	82	999.7	60	50.13	49.08	47.41	46.38	44.06
60.08	81	1000.7	60	50.11	49.04	47.38	46.37	44.06
60.01	82	1001.8	60	50.15	49.08	47.35	46.34	44.04
60.03	82	1002.9	60	50.15	49.08	47.33	46.34	44.04
59.99	82	1003.9	60	50.16	49.03	47.33	46.34	44.04
59.99	82	1005	60	50.12	49.06	47.33	46.31	44.07
59.96	83	1006.1	60	50.15	49.04	47.35	46.35	44.09
60.03	82	1007.1	60	50.13	49.06	47.36	46.36	44.13
59.99	82	1008.2	60	50.12	49.04	47.31	46.33	44.17
60.02	82	1009.3	60	50.11	49.02	47.33	46.33	44.15
60.05	81	1010.3	60	50.09	49.03	47.35	46.38	44.2
60.01	82	1011.4	60	50.08	49.03	47.36	46.4	44.21
59.99	82	1012.5	60	50.09	49.04	47.35	46.41	44.19
60.04	81	1013.5	60	50.1	49.04	47.33	46.4	44.12
59.95	83	1014.6	60	50.12	49.03	47.31	46.35	44.06
59.92	83	1015.7	60	50.12	48.99	47.29	46.36	44.05
60.02	82	1016.7	60	50.12	49.02	47.32	46.37	44.11
60.01	82	1017.8	60	50.07	49.03	47.32	46.37	44.18
60.05	81	1018.9	60	50.08	49.01	47.35	46.39	44.18
59.98	82	1020	60	50.13	49.04	47.34	46.38	44.17
60.02	82	1021	60	50.15	49	47.3	46.34	44.12
59.98	82	1022.1	60	50.12	48.99	47.28	46.33	44.11
59.97	83	1023.2	60	50.12	49.02	47.3	46.36	44.09
59.99	82	1024.2	60	50.11	49.01	47.33	46.35	44.06
60.04	81	1025.3	60	50.08	49.01	47.29	46.34	44.05
60.02	82	1026.4	60	50.11	49.02	47.32	46.36	44.03
60.03	82	1027.4	60	50.12	49.04	47.31	46.33	44.03
60.02	82	1028.5	60	50.09	49.05	47.3	46.36	44.05
60.02	82	1029.6	60	50.11	49.06	47.34	46.36	44.02
60.03	82	1030.6	60	50.13	49.05	47.32	46.34	44.06
60.04	81	1031.7	60	50.14	49.06	47.34	46.34	44.06
60.02	82	1032.8	60	50.17	49.07	47.36	46.35	44.07
60.01	82	1033.9	60	50.16	49.08	47.37	46.36	44.12
60.06	81	1034.9	60	50.17	49.09	47.35	46.38	44.12
60.1	80	1036	60	50.18	49.13	47.38	46.41	44.14
60.02	81	1037.1	60	50.19	49.14	47.4	46.4	44.16
60.03	81	1038.1	60	50.2	49.14	47.43	46.43	44.15
60	82	1039.2	60	50.22	49.15	47.4	46.37	44.09
60.01	81	1040.3	60	50.22	49.15	47.39	46.39	44.06
59.99	82	1041.3	60	50.23	49.13	47.38	46.37	44.02
60.06	81	1042.4	60	50.23	49.12	47.42	46.36	44.03
60.02	81	1043.5	60	50.25	49.14	47.4	46.37	44.04
60.05	81	1044.5	60	50.28	49.13	47.45	46.36	44.02
60.02	81	1045.6	60	50.28	49.17	47.45	46.37	44.01
60.03	81	1046.7	60	50.27	49.17	47.48	46.38	44.03
59.98	82	1047.8	60	50.31	49.2	47.47	46.37	44.03
59.99	82	1048.8	60	50.3	49.18	47.46	46.37	44.05
59.99	82	1049.9	60	50.32	49.19	47.43	46.37	44.06
59.96	82	1051	60	50.32	49.19	47.44	46.35	44.05
59.94	82	1052	60	50.29	49.2	47.43	46.35	44.04
59.99	82	1053.1	60	50.29	49.21	47.43	46.35	44.03
59.93	83	1054.2	60	50.32	49.18	47.43	46.32	44.02
60.05	81	1055.2	60	50.3	49.2	47.45	46.38	44.02
60.01	81	1056.3	60	50.3	49.23	47.49	46.35	44.08
60.05	81	1057.4	60	50.36	49.21	47.43	46.41	44.08
60.05	81	1058.4	60	50.27	49.22	47.58	46.42	44.11
60.06	80	1059.5	60	50.37	49.23	47.44	46.39	44.12
60.07	80	1060.6	60	50.23	49.14	47.5	46.38	44.11
59.96	82	1061.6	60	50.19	49.19	47.48	46.48	44.09
60.25	77	1062.7	60	50.15	49.12	47.35	46.31	44.25
60.12	79	1063.8	60	50.31	49.23	47.33	46.51	44.28
59.94	82	1064.9	60	50.26	49.29	47.37	46.43	44.06
59.94	82	1065.9	60	50.14	49.26	47.43	46.41	44.07
59.82	84	1067	60	50.29	49.2	47.44	46.43	44.06
59.91	83	1068.1	60	50.35	49.14	47.44	46.44	44.09
59.99	82	1069.1	60	50.3	49.21	47.49	46.47	44.07
59.91	83	1070.2	60	50.31	49.15	47.47	46.41	44.08
59.89	83	1071.3	60	50.34	49.17	47.41	46.4	44.04
59.89	84	1072.3	60	50.32	49.16	47.44	46.39	44.02
59.89	84	1073.4	60	50.32	49.17	47.44	46.4	44.05
59.93	83	1074.5	60	50.31	49.15	47.41	46.39	44.04
59.95	83	1075.5	60	50.27	49.19	47.49	46.4	44.11
60.01	82	1076.6	60	50.31	49.19	47.46	46.46	44.15
59.91	84	1077.7	60	50.3	49.24	47.48	46.44	44.14
60.03	82	1078.7	60	50.31	49.22	47.47	46.46	44.18
60.01	82	1079.8	60	50.32	49.23	47.49	46.49	44.19
59.97	83	1080.9	60	50.32	49.24	47.53	46.46	44.14
60.03	82	1082	60	50.33	49.24	47.52	46.5	44.18
60.04	81	1083	60	50.35	49.22	47.5	46.49	44.21
60.09	81	1084.1	60	50.33	49.22	47.54	46.53	44.27
60.05	81	1085.2	60	50.35	49.24	47.54	46.55	44.24
60.08	80	1086.2	60	50.33	49.26	47.5	46.52	44.28
60	82	1087.3	60	50.35	49.27	47.56	46.49	44.27
60.03	81	1088.4	60	50.37	49.28	47.55	46.51	44.24
60.02	81	1089.4	60	50.36	49.3	47.57	46.57	44.28
60.03	81	1090.5	60	50.38	49.27	47.61	46.59	44.31
60	82	1091.6	60	50.38	49.29	47.59	46.6	44.35
59.96	82	1092.6	60	50.39	49.3	47.63	46.59	44.35
59.99	82	1093.7	60	50.4	49.34	47.65	46.63	44.38
59.96	82	1094.8	60	50.4	49.35	47.66	46.61	44.39
59.93	83	1095.8	60	50.41	49.36	47.64	46.62	44.36
59.98	82	1096.9	60	50.42	49.34	47.64	46.59	44.32
60	82	1098	60	50.39	49.36	47.64	46.56	44.3
59.95	83	1099.1	60	50.39	49.37	47.62	46.54	44.28
60	82	1100.1	60	50.39	49.39	47.63	46.56	44.27
59.95	83	1101.2	60	50.38	49.38	47.63	46.56	44.29
60.02	82	1102.3	60	50.39	49.39	47.63	46.57	44.32
59.99	82	1103.3	60	50.39	49.39	47.62	46.6	44.31
60	82	1104.4	60	50.4	49.4	47.67	46.62	44.33
60.03	81	1105.5	60	50.39	49.4	47.67	46.62	44.32
60.02	82	1106.5	60	50.42	49.41	47.66	46.59	44.33
60.02	82	1107.6	60	50.43	49.42	47.59	46.57	44.3
59.99	82	1108.7	60	50.4	49.39	47.57	46.55	44.31
59.98	82	1109.7	60	50.4	49.37	47.59	46.57	44.34
59.97	82	1110.8	60	50.39	49.35	47.62	46.57	44.34
59.96	83	1111.9	60	50.38	49.36	47.6	46.58	44.32
60.01	82	1112.9	60	50.38	49.38	47.6	46.59	44.26
59.97	83	1114	60	50.41	49.37	47.57	46.55	44.24
60.06	81	1115.1	60	50.42	49.37	47.59	46.53	44.21
59.95	83	1116.2	60	50.42	49.34	47.56	46.54	44.22
59.96	83	1117.2	60	50.4	49.34	47.57	46.55	44.17
59.94	83	1118.3	60	50.39	49.34	47.55	46.51	44.12
60.03	82	1119.4	60	50.41	49.28	47.53	46.48	44.09
59.96	83	1120.4	60	50.4	49.28	47.5	46.45	44.05
60.02	82	1121.5	60	50.39	49.31	47.51	46.45	44.03
59.98	82	1122.6	60	50.38	49.31	47.51	46.46	44.07
60.02	82	1123.6	60	50.37	49.37	47.59	46.52	44.1
60.06	81	1124.7	60	50.37	49.35	47.63	46.54	44.11
60.09	81	1125.8	60	50.38	49.37	47.65	46.58	44.15
60.03	82	1126.8	60	50.41	49.36	47.67	46.6	44.19
60.04	81	1127.9	60	50.43	49.39	47.67	46.61	44.2
60.05	81	1129	60	50.45	49.4	47.67	46.59	44.22
60.02	82	1130.1	60	50.46	49.4	47.68	46.62	44.23
60.05	81	1131.1	60	50.46	49.39	47.72	46.6	44.25
59.94	83	1132.2	60	50.46	49.45	47.71	46.64	44.28
60.03	81	1133.3	60	50.47	49.46	47.76	46.69	44.38
60.08	81	1134.3	60	50.48	49.49	47.8	46.72	44.46
60.01	82	1135.4	60	50.47	49.48	47.79	46.75	44.43
60.02	81	1136.5	60	50.5	49.46	47.75	46.71	44.39
60.03	81	1137.5	60	50.54	49.41	47.7	46.68	44.33
60.02	81	1138.6	60	50.51	49.44	47.7	46.67	44.31
59.99	82	1139.7	60	50.51	49.41	47.69	46.67	44.33
60.04	81	1140.7	60	50.51	49.42	47.71	46.68	44.34
60	82	1141.8	60	50.51	49.44	47.73	46.66	44.36
60	82	1142.9	60	50.55	49.44	47.75	46.7	44.37
59.97	82	1143.9	60	50.51	49.45	47.78	46.71	44.38
59.98	82	1145	60	50.51	49.47	47.76	46.71	44.38
59.99	82	1146.1	60	50.5	49.48	47.78	46.68	44.36
59.97	82	1147.2	60	50.5	49.49	47.77	46.72	44.38
60.01	82	1148.2	60	50.5	49.5	47.8	46.74	44.37
60	82	1149.3	60	50.49	49.51	47.86	46.78	44.44
60.03	81	1150.4	60	50.48	49.57	47.89	46.81	44.46
59.94	83	1151.4	60	50.51	49.57	47.89	46.85	44.53
59.98	82	1152.5	60	50.5	49.6	47.89	46.86	44.56
60	82	1153.6	60	50.53	49.55	47.84	46.85	44.51
59.97	82	1154.6	60	50.55	49.5	47.79	46.81	44.42
60	82	1155.7	60	50.52	49.46	47.75	46.76	44.37
60.06	81	1156.8	60	50.52	49.49	47.75	46.76	44.34
60	82	1157.8	60	50.52	49.46	47.73	46.71	44.31
59.94	83	1158.9	60	50.51	49.46	47.74	46.73	44.33
60.02	81	1160	60	50.51	49.48	47.75	46.71	44.27
59.99	82	1161	60	50.54	49.48	47.72	46.67	44.24
60.07	81	1162.1	60	50.52	49.39	47.67	46.65	44.22
60.05	81	1163.2	60	50.47	49.43	47.65	46.64	44.09
60.01	82	1164.3	60	50.51	49.35	47.7	46.62	44.07
60.13	79	1165.3	60	50.47	49.45	47.6	46.56	44.13
59.99	82	1166.4	60	50.45	49.5	47.74	46.65	44.09
60.07	80	1167.5	60	50.5	49.52	47.7	46.6	44.06
59.94	82	1168.5	60	50.45	49.5	47.73	46.6	44.02
60.02	81	1169.6	60	50.44	49.48	47.76	46.6	44.02
59.99	82	1170.7	60	50.43	49.49	47.75	46.61	44.06
59.99	82	1171.7	60	50.45	49.49	47.74	46.64	44.08
59.91	83	1172.8	60	50.43	49.48	47.75	46.68	44.09
59.95	82	1173.9	60	50.44	49.48	47.73	46.68	44.09
60.02	81	1174.9	60	50.46	49.46	47.73	46.68	44.12
59.95	82	1176	60	50.46	49.45	47.75	46.73	44.18
59.96	82	1177.1	60	50.45	49.46	47.73	46.74	44.18
59.92	83	1178.1	60	50.45	49.45	47.74	46.74	44.2
59.98	82	1179.2	60	50.46	49.43	47.73	46.74	44.19
59.93	83	1180.3	60	50.45	49.41	47.71	46.73	44.16
59.94	83	1181.4	60	50.45	49.4	47.7	46.69	44.14
59.95	83	1182.4	60	50.45	49.4	47.7	46.7	44.14
59.99	82	1183.5	60	50.46	49.41	47.71	46.71	44.14
60	82	1184.6	60	50.44	49.4	47.71	46.72	44.14
59.97	83	1185.6	60	50.45	49.41	47.7	46.72	44.13
60.02	82	1186.7	60	50.46	49.41	47.7	46.69	44.1
59.95	83	1187.8	60	50.45	49.4	47.69	46.68	44.1
60.01	82	1188.8	60	50.46	49.43	47.69	46.68	44.11
60.02	82	1189.9	60	50.45	49.44	47.69	46.67	44.1
59.97	83	1191	60	50.48	49.43	47.71	46.67	44.1
60	82	1192	60	50.48	49.44	47.71	46.67	44.05
60	82	1193.1	60	50.46	49.46	47.68	46.66	44.03
60.03	82	1194.2	60	50.47	49.47	47.67	46.65	43.99
59.99	82	1195.2	60	50.46	49.46	47.68	46.62	43.95
60.02	82	1196.3	60	50.45	49.46	47.68	46.61	43.93
59.98	83	1197.4	60	50.45	49.47	47.7	46.6	43.96
60.02	82	1198.4	60	50.45	49.47	47.7	46.61	43.94
60.03	82	1199.5	60	50.44	49.47	47.73	46.65	43.96
59.99	82	1200.6	60	50.43	49.48	47.76	46.66	43.96
60.05	81	1201.7	60	50.42	49.5	47.77	46.65	43.97
60.06	81	1202.7	60	50.45	49.51	47.79	46.66	44.01
59.99	82	1203.8	60	50.46	49.56	47.84	46.72	44.09
60.05	81	1204.9	60	50.45	49.57	47.88	46.72	44.12
60.06	81	1205.9	60	50.48	49.55	47.89	46.81	44.15
60.05	81	1207	60	50.45	49.6	47.81	46.73	44.08
59.94	83	1208.1	60	50.47	49.61	47.83	46.73	44.04
59.97	82	1209.1	60	50.48	49.49	47.78	46.69	44.03
59.98	82	1210.2	60	50.48	49.51	47.85	46.72	44.04
59.95	82	1211.3	60	50.52	49.51	47.84	46.73	44.01
60.01	0	1212.3	60	50.49	49.51	47.8	46.72	44
60.04	0	1213.4	60	50.47	49.52	47.8	46.72	43.98
59.85	0	1214.5	60	50.51	49.52	47.81	46.7	43.94
59.69	0	1215.5	60	50.47	49.51	47.77	46.65	43.92
59.36	0	1216.6	60	50.42	49.47	47.72	46.65	43.92
58.94	0	1217.7	60	50.37	49.44	47.74	46.64	43.92
58.45	0	1218.7	60	50.3	49.42	47.73	46.63	43.92
57.95	0	1219.8	60	50.22	49.35	47.71	46.65	43.98
57.45	0	1220.8	60	50.13	49.29	47.7	46.66	44.02
56.91	0	1221.9	60	50.01	49.19	47.67	46.65	44.04
56.4	0	1223	60	49.91	49.12	47.61	46.63	44.04
55.86	0	1224	60	49.78	49.03	47.56	46.61	44.07
55.35	0	1225.1	60	49.6	48.94	47.52	46.6	44.04
54.81	0	1226.2	60	49.49	48.84	47.43	46.61	44.06
54.43	0	1227.2	60	49.34	48.72	47.36	46.53	44
53.94	0	1228.3	60	49.19	48.6	47.34	46.54	43.99
53.42	0	1229.3	60	49.07	48.46	47.3	46.44	44
53.03	0	1230.4	60	48.91	48.38	47.22	46.42	43.97
52.56	0	1231.5	60	48.76	48.27	47.14	46.38	43.94
52.1	0	1232.5	60	48.57	48.11	47.03	46.33	43.85
51.72	0	1233.6	60	48.43	48.01	46.96	46.27	43.84
51.33	0	1234.7	60	48.29	47.86	46.86	46.21	43.79
50.88	0	1235.7	60	48.1	47.71	46.73	46.12	43.75
50.47	0	1236.8	60	47.97	47.55	46.6	46.05	43.72
50.12	0	1237.8	60	47.79	47.4	46.48	45.99	43.71
49.71	0	1238.9	60	47.63	47.25	46.36	45.9	43.69
49.36	0	1240	60	47.46	47.12	46.27	45.82	43.67
49.02	0	1241	60	47.3	46.99	46.15	45.76	43.63
48.66	0	1242.1	60	47.14	46.84	46.01	45.65	43.53
48.29	0	1243.2	60	46.98	46.68	45.9	45.53	43.41
47.95	0	1244.2	60	46.8	46.53	45.75	45.42	43.26
47.62	0	1245.3	60	46.61	46.35	45.6	45.28	43.14
47.28	0	1246.3	60	46.42	46.2	45.49	45.17	43.04
46.96	0	1247.4	60	46.23	46.06	45.36	45.09	42.95
46.63	0	1248.5	60	46.05	45.9	45.26	44.99	42.84
46.34	0	1249.5	60	45.85	45.72	45.13	44.88	42.75
45.99	0	1250.6	60	45.67	45.59	44.99	44.77	42.65
45.71	0	1251.7	60	45.48	45.43	44.88	44.66	42.53
45.42	0	1252.7	60	45.29	45.29	44.74	44.53	42.42
45.11	0	1253.8	60	45.11	45.15	44.62	44.44	42.35
44.85	0	1254.8	60	44.93	45	44.53	44.33	42.29
44.54	0	1255.9	60	44.77	44.88	44.4	44.24	42.21
44.26	0	1257	60	44.6	44.72	44.3	44.16	42.14
44.01	0	1258	60	44.44	44.58	44.18	44.08	42.12
43.74	0	1259.1	60	44.28	44.46	44.09	44.04	42.11
43.46	0	1260.2	60	44.14	44.34	43.99	43.98	42.11
43.21	0	1261.2	60	43.99	44.21	43.88	43.89	42.03
42.96	0	1262.3	60	43.85	44.07	43.75	43.77	41.93
42.71	0	1263.3	60	43.7	43.92	43.63	43.66	41.85
42.45	0	1264.4	60	43.54	43.79	43.5	43.58	41.82
42.21	0	1265.5	60	43.4	43.66	43.39	43.5	41.75
41.98	0	1266.5	60	43.26	43.54	43.29	43.39	41.68
41.72	0	1267.6	60	43.12	43.4	43.17	43.29	41.6
41.51	0	1268.7	60	42.97	43.27	43.05	43.18	41.52
41.3	0	1269.7	60	42.84	43.13	42.93	43.08	41.43
41.09	0	1270.8	60	42.69	43	42.84	43	41.41
40.87	0	1271.9	60	42.55	42.88	42.75	42.93	41.4
40.65	0	1272.9	60	42.41	42.77	42.64	42.88	41.4
40.42	0	1274	60	42.29	42.64	42.53	42.8	41.35
40.21	0	1275	60	42.16	42.53	42.4	42.69	41.26
40	0	1276.1	60	42.03	42.38	42.29	42.59	41.15
39.81	0	1277.2	60	41.89	42.25	42.16	42.5	41.01
39.63	0	1278.2	60	41.75	42.13	42.05	42.39	40.91
39.41	0	1279.3	60	41.61	42.01	41.92	42.28	40.81
39.22	0	1280.4	60	41.49	41.88	41.83	42.19	40.75
39.05	0	1281.4	60	41.34	41.76	41.72	42.12	40.7
38.85	0	1282.5	60	41.24	41.62	41.59	42.02	40.57
38.67	0	1283.5	60	41.1	41.48	41.45	41.89	40.34
38.49	0	1284.6	60	40.98	41.33	41.3	41.76	40.17
38.31	0	1285.7	60	40.84	41.21	41.2	41.64	40.01
38.18	0	1286.7	60	40.72	41.07	41.09	41.53	39.88
37.99	0	1287.8	60	40.58	40.96	40.98	41.44	39.81
37.8	0	1288.9	60	40.45	40.82	40.86	41.34	39.68
37.63	0	1289.9	60	40.34	40.69	40.75	41.23	39.53
37.49	0	1291	60	40.21	40.56	40.6	41.1	39.37
37.33	0	1292.1	60	40.07	40.43	40.48	40.96	39.22
37.16	0	1293.1	60	39.94	40.31	40.37	40.87	39.17
37.01	0	1294.2	60	39.82	40.2	40.27	40.8	39.15
36.85	0	1295.2	60	39.67	40.09	40.2	40.73	39.17
36.72	0	1296.3	60	39.55	40	40.12	40.67	39.18
36.57	0	1297.4	60	39.43	39.9	40.03	40.6	39.19
36.43	0	1298.4	60	39.32	39.79	39.93	40.5	39.11
36.27	0	1299.5	60	39.21	39.69	39.82	40.4	39
36.14	0	1300.6	60	39.08	39.57	39.7	40.29	38.88
35.98	0	1301.6	60	38.97	39.45	39.58	40.18	38.78
35.85	0	1302.7	60	38.85	39.33	39.48	40.1	38.7
35.71	0	1303.7	60	38.73	39.24	39.39	39.98	38.58
35.6	0	1304.8	60	38.61	39.11	39.26	39.9	38.46
35.44	0	1305.9	60	38.49	39	39.16	39.79	38.39
35.33	0	1306.9	60	38.37	38.89	39.08	39.69	38.34
35.21	0	1308	60	38.26	38.8	38.98	39.62	38.26
35.05	0	1309.1	60	38.18	38.69	38.89	39.56	38.19
34.94	0	1310.1	60	38.07	38.61	38.83	39.47	38.14
34.82	0	1311.2	60	37.95	38.51	38.73	39.39	38.04
34.71	0	1312.3	60	37.83	38.38	38.6	39.27	37.95
34.59	0	1313.3	60	37.74	38.28	38.55	39.19	37.91
34.49	0	1314.4	60	37.62	38.21	38.42	39.11	37.84
34.36	0	1315.4	60	37.52	38.1	38.35	39.04	37.8
34.23	0	1316.5	60	37.4	37.99	38.25	38.96	37.7
34.16	0	1317.6	60	37.31	37.89	38.13	38.88	37.6
34	0	1318.6	60	37.22	37.78	38.02	38.77	37.57
33.9	0	1319.7	60	37.11	37.69	37.93	38.7	37.53
33.8	0	1320.8	60	37.02	37.62	37.88	38.65	37.51
33.67	0	1321.8	60	36.91	37.52	37.8	38.56	37.42
33.61	0	1322.9	60	36.83	37.43	37.73	38.48	37.33
33.5	0	1323.9	60	36.72	37.35	37.65	38.39	37.24
33.39	0	1325	60	36.63	37.27	37.55	38.3	37.15
33.25	0	1326.1	60	36.53	37.18	37.45	38.21	37.03
33.17	0	1327.1	60	36.44	37.08	37.37	38.11	36.93
33.06	0	1328.2	60	36.35	36.98	37.27	38.03	36.82
33.03	0	1329.3	60	36.23	36.91	37.19	37.95	36.76
32.92	0	1330.3	60	36.18	36.82	37.15	37.88	36.71
32.83	0	1331.4	60	36.11	36.74	37.05	37.8	36.72
32.71	0	1332.5	60	36.01	36.67	36.99	37.74	36.72
32.63	0	1333.5	60	35.92	36.6	36.92	37.71	36.72
32.52	0	1334.6	60	35.83	36.49	36.82	37.64	36.69
32.42	0	1335.6	60	35.76	36.43	36.76	37.58	36.68
32.34	0	1336.7	60	35.68	36.34	36.68	37.49	36.62
32.25	0	1337.8	60	35.59	36.27	36.56	37.41	36.49
32.22	0	1338.8	60	35.51	36.16	36.47	37.3	36.32
32.09	0	1339.9	60	35.44	36.08	36.35	37.18	36.17
32	0	1341	60	35.35	35.97	36.24	37.07	36.02
31.92	0	1342	60	35.24	35.86	36.14	36.97	35.87
31.83	0	1343.1	60	35.12	35.77	36.06	36.86	35.8
31.76	0	1344.1	60	35.04	35.7	35.97	36.8	35.72
31.7	0	1345.2	60	34.95	35.63	35.92	36.72	35.63
31.57	0	1346.3	60	34.85	35.53	35.84	36.64	35.54
31.58	0	1347.3	60	34.79	35.47	35.73	36.55	35.48
31.44	0	1348.4	60	34.68	35.37	35.66	36.49	35.37
31.4	0	1349.5	60	34.6	35.27	35.61	36.42	35.34
31.33	0	1350.5	60	34.5	35.21	35.51	36.33	35.25
31.28	0	1351.6	60	34.46	35.14	35.44	36.28	35.2
31.16	0	1352.7	60	34.36	35.05	35.39	36.21	35.18
31.13	0	1353.7	60	34.28	34.98	35.34	36.19	35.17
31.07	0	1354.8	60	34.24	34.95	35.28	36.11	35.11
30.91	0	1355.8	60	34.12	34.84	35.18	36.06	35.02
30.92	0	1356.9	60	34.05	34.76	35.14	35.97	34.96
30.83	0	1358	60	34	34.7	35.05	35.88	34.89
30.77	0	1359	60	33.93	34.62	34.98	35.82	34.85
30.72	0	1360.1	60	33.86	34.56	34.93	35.78	34.83
30.66	0	1361.2	60	33.79	34.49	34.86	35.72	34.76
30.6	0	1362.2	60	33.73	34.42	34.8	35.66	34.69
30.51	0	1363.3	60	33.66	34.36	34.75	35.61	34.64
30.47	0	1364.3	60	33.61	34.28	34.68	35.55	34.58
30.39	0	1365.4	60	33.55	34.22	34.6	35.49	34.51
30.35	0	1366.5	60	33.48	34.14	34.51	35.4	34.42
30.3	0	1367.5	60	33.42	34.07	34.41	35.31	34.32
30.22	0	1368.6	60	33.33	33.99	34.35	35.21	34.23
30.19	0	1369.7	60	33.26	33.91	34.27	35.14	34.18
30.12	0	1370.7	60	33.17	33.86	34.23	35.09	34.16
30.05	0	1371.8	60	33.11	33.79	34.17	35.03	34.07
30.03	0	1372.8	60	33.02	33.73	34.1	34.95	33.97
29.97	0	1373.9	60	32.96	33.66	34.03	34.9	33.88
29.89	0	1375	60	32.89	33.6	33.98	34.83	33.78
29.83	0	1376	60	32.82	33.54	33.92	34.79	33.67
29.8	0	1377.1	60	32.76	33.5	33.87	34.72	33.57
29.77	0	1378.2	60	32.7	33.44	33.81	34.66	33.45
29.69	0	1379.2	60	32.64	33.38	33.76	34.61	33.39
29.64	0	1380.3	60	32.58	33.33	33.69	34.57	33.33
29.6	0	1381.4	60	32.53	33.27	33.64	34.51	33.3
29.56	0	1382.4	60	32.47	33.22	33.59	34.47	33.25
29.47	0	1383.5	60	32.43	33.17	33.54	34.42	33.2
29.45	0	1384.5	60	32.38	33.12	33.47	34.37	33.16
29.43	0	1385.6	60	32.33	33.06	33.42	34.31	33.12
29.34	0	1386.7	60	32.28	33.01	33.38	34.24	33.04
29.32	0	1387.7	60	32.21	32.94	33.31	34.18	32.98
29.26	0	1388.8	60	32.16	32.89	33.24	34.12	32.88
29.21	0	1389.9	60	32.11	32.84	33.18	34.05	32.81
29.18	0	1390.9	60	32.06	32.78	33.14	33.99	32.71
29.13	0	1392	60	32	32.73	33.08	33.94	32.65
29.1	0	1393	60	31.95	32.66	33.04	33.89	32.59
29.04	0	1394.1	60	31.89	32.62	32.99	33.84	32.57
29	0	1395.2	60	31.85	32.58	32.95	33.79	32.58
28.96	0	1396.2	60	31.79	32.54	32.92	33.76	32.57
28.91	0	1397.3	60	31.75	32.49	32.87	33.71	32.53
28.88	0	1398.4	60	31.71	32.44	32.81	33.67	32.5
28.84	0	1399.4	60	31.66	32.39	32.78	33.63	32.48
28.79	0	1400.5	60	31.61	32.35	32.74	33.59	32.46
28.77	0	1401.5	60	31.57	32.32	32.69	33.56	32.45
28.72	0	1402.6	60	31.53	32.25	32.65	33.5	32.45
28.67	0	1403.7	60	31.49	32.21	32.59	33.47	32.46
28.66	0	1404.7	60	31.46	32.16	32.55	33.42	32.46
28.6	0	1405.8	60	31.41	32.12	32.49	33.38	32.39
28.57	0	1406.9	60	31.37	32.09	32.44	33.34	32.36
28.54	0	1407.9	60	31.33	32.03	32.41	33.32	32.31
28.5	0	1409	60	31.29	31.98	32.35	33.25	32.28
28.45	0	1410.1	60	31.24	31.95	32.3	33.22	32.21
28.39	0	1411.1	60	31.18	31.89	32.26	33.17	32.18
28.36	0	1412.2	60	31.16	31.85	32.21	33.13	32.16
28.34	0	1413.2	60	31.11	31.8	32.18	33.09	32.07
28.32	0	1414.3	60	31.06	31.77	32.11	33.04	32
28.32	0	1415.4	60	31.01	31.7	32.09	32.97	31.94
28.24	0	1416.4	60	30.99	31.64	32.02	32.94	31.85
28.18	0	1417.5	60	30.95	31.61	32.01	32.89	31.84
28.19	0	1418.6	60	30.9	31.57	31.96	32.86	31.83
28.16	0	1419.6	60	30.89	31.58	31.87	32.84	31.88
28.07	0	1420.7	60	30.8	31.53	31.85	32.93	31.77
27.99	0	1421.7	60	30.88	31.36	31.71	32.65	31.73
28.04	0	1422.8	60	30.74	31.45	31.76	32.63	31.84
27.95	0	1423.9	60	30.67	31.54	31.79	32.63	31.64
28.16	0	1424.9	60	30.6	31.32	31.77	32.68	31.74
27.95	0	1426	60	30.58	31.28	31.71	32.55	31.75
27.88	0	1427.1	60	30.62	31.24	31.64	32.57	31.74
27.89	0	1428.1	60	30.55	31.2	31.62	32.51	31.71
27.84	0	1429.2	60	30.51	31.19	31.55	32.47	31.67
27.78	0	1430.2	60	30.5	31.13	31.53	32.44	31.65
27.79	0	1431.3	60	30.43	31.11	31.5	32.39	31.63
27.81	0	1432.4	60	30.38	31.08	31.45	32.38	31.57
27.71	0	1433.4	60	30.38	31.03	31.41	32.31	31.52
27.69	0	1434.5	60	30.32	30.99	31.37	32.27	31.44
27.68	0	1435.6	60	30.29	30.95	31.32	32.23	31.36
27.65	0	1436.6	60	30.25	30.9	31.26	32.19	31.29
27.61	0	1437.7	60	30.21	30.85	31.22	32.14	31.25
27.59	0	1438.7	60	30.17	30.81	31.19	32.09	31.2
27.55	0	1439.8	60	30.14	30.78	31.15	32.05	31.12
27.54	0	1440.9	60	30.1	30.74	31.12	32.01	31.03
27.49	0	1441.9	60	30.06	30.71	31.08	31.97	30.97
27.49	0	1443	60	30.03	30.67	31.04	31.91	30.91
27.46	0	1444.1	60	30	30.62	31	31.86	30.84
27.44	0	1445.1	60	29.95	30.58	30.95	31.82	30.81
27.38	0	1446.2	60	29.93	30.55	30.93	31.79	30.8
27.37	0	1447.3	60	29.87	30.53	30.9	31.75	30.76
27.36	0	1448.3	60	29.84	30.49	30.85	31.72	30.69
27.31	0	1449.4	60	29.81	30.46	30.81	31.66	30.65
27.3	0	1450.4	60	29.78	30.42	30.77	31.62	30.59
27.26	0	1451.5	60	29.75	30.38	30.74	31.59	30.59
27.24	0	1452.6	60	29.7	30.36	30.72	31.56	30.57
27.21	0	1453.6	60	29.66	30.34	30.65	31.54	30.56
27.2	0	1454.7	60	29.63	30.3	30.64	31.49	30.54
27.16	0	1455.8	60	29.62	30.26	30.6	31.46	30.51
27.16	0	1456.8	60	29.58	30.23	30.55	31.43	30.43
27.13	0	1457.9	60	29.54	30.19	30.52	31.38	30.33
27.14	0	1458.9	60	29.5	30.15	30.47	31.32	30.32
27.1	0	1460	60	29.47	30.12	30.45	31.31	30.29
27.08	0	1461.1	60	29.44	30.08	30.41	31.26	30.27
27.03	0	1462.1	60	29.42	30.06	30.39	31.26	30.25
27.02	0	1463.2	60	29.37	30.03	30.35	31.22	30.24
26.99	0	1464.3	60	29.35	29.97	30.34	31.19	30.18
26.92	0	1465.3	60	29.34	29.95	30.28	31.17	30.13
26.96	0	1466.4	60	29.29	29.92	30.23	31.07	30.06
26.93	0	1467.4	60	29.24	29.85	30.2	31.02	30.04
26.95	0	1468.5	60	29.18	29.83	30.16	31.02	30.01
26.81	0	1469.6	60	29.18	29.79	30.12	30.99	29.96
26.89	0	1470.6	60	29.12	29.77	30.11	30.93	29.92
26.86	0	1471.7	60	29.1	29.75	30.07	30.9	29.88
26.83	0	1472.8	60	29.09	29.68	30.06	30.87	29.81
26.81	0	1473.8	60	29.02	29.68	30	30.81	29.76
26.77	0	1474.9	60	29.01	29.61	29.96	30.77	29.74
26.78	0	1476	60	28.95	29.61	29.93	30.75	29.68
26.76	0	1477	60	28.93	29.56	29.89	30.71	29.7
26.72	0	1478.1	60	28.89	29.54	29.87	30.68	29.68
26.72	0	1479.1	60	28.86	29.51	29.84	30.65	29.64
26.69	0	1480.2	60	28.83	29.48	29.81	30.62	29.6
26.7	0	1481.3	60	28.8	29.45	29.78	30.59	29.6
26.68	0	1482.3	60	28.78	29.43	29.75	30.57	29.58
26.65	0	1483.4	60	28.74	29.4	29.73	30.53	29.56
26.63	0	1484.5	60	28.72	29.37	29.69	30.5	29.53
26.61	0	1485.5	60	28.69	29.33	29.65	30.47	29.5
26.6	0	1486.6	60	28.67	29.32	29.62	30.44	29.48
26.59	0	1487.6	60	28.64	29.28	29.61	30.41	29.46
26.58	0	1488.7	60	28.6	29.26	29.56	30.37	29.42
26.53	0	1489.8	60	28.57	29.22	29.53	30.34	29.4
26.54	0	1490.8	60	28.57	29.2	29.5	30.32	29.38
26.51	0	1491.9	60	28.53	29.19	29.5	30.31	29.39
26.53	0	1493	60	28.51	29.14	29.45	30.26	29.38
26.51	0	1494	60	28.47	29.14	29.44	30.26	29.35
26.47	0	1495.1	60	28.45	29.1	29.42	30.22	29.32
26.46	0	1496.1	60	28.43	29.08	29.39	30.2	29.31
26.45	0	1497.2	60	28.41	29.05	29.36	30.17	29.3
26.43	0	1498.3	60	28.39	29.03	29.35	30.14	29.28
26.42	0	1499.3	60	28.35	28.99	29.32	30.12	29.31
26.39	0	1500.4	60	28.36	28.99	29.3	30.13	29.31
26.39	0	1501.5	60	28.33	28.96	29.28	30.11	29.3
26.39	0	1502.5	60	28.31	28.95	29.26	30.09	29.26
26.37	0	1503.6	60	28.28	28.93	29.24	30.07	29.19
26.35	0	1504.6	60	28.27	28.9	29.2	30.04	29.1
26.33	0	1505.7	60	28.26	28.87	29.18	30	28.99
26.32	0	1506.8	60	28.23	28.85	29.14	29.97	28.86
26.3	0	1507.8	60	28.22	28.81	29.12	29.94	28.69
26.28	0	1508.9	60	28.18	28.78	29.08	29.91	28.27
26.27	0	1510	60	28.16	28.77	29.06	29.88	27.91
26.26	0	1511	60	28.15	28.75	29.05	29.86	27.63
26.23	0	1512.1	60	28.12	28.71	29.02	29.86	27.38
26.26	0	1513.2	60	28.09	28.7	28.98	29.81	27.14
26.23	0	1514.2	60	28.08	28.68	28.96	29.78	26.92
26.22	0	1515.3	60	28.06	28.66	28.94	29.76	26.74
26.21	0	1516.3	60	28.04	28.64	28.92	29.74	26.56
26.21	0	1517.4	60	28.03	28.61	28.9	29.7	26.34
26.18	0	1518.5	60	28	28.59	28.86	29.68	26.17
26.19	0	1519.5	60	27.98	28.56	28.84	29.65	26.02
26.17	0	1520.6	60	27.96	28.53	28.84	29.63	25.83
26.14	0	1521.7	60	27.94	28.53	28.77	29.62	25.73
26.12	0	1522.7	60	27.92	28.5	28.78	29.59	25.6
26.12	0	1523.8	60	27.9	28.48	28.74	29.55	25.43
26.09	0	1524.8	60	27.86	28.47	28.73	29.54	25.32
26.12	0	1525.9	60	27.85	28.44	28.71	29.52	25.2
26.11	0	1527	60	27.83	28.41	28.68	29.49	25.07
26.08	0	1528	60	27.81	28.37	28.64	29.47	24.9
26.05	0	1529.1	60	27.78	28.36	28.63	29.44	24.78
26.05	0	1530.2	60	27.77	28.34	28.61	29.41	24.71
26.04	0	1531.2	60	27.75	28.31	28.58	29.38	24.6
26.02	0	1532.3	60	27.73	28.3	28.57	29.35	24.49
26.03	0	1533.3	60	27.7	28.26	28.54	29.33	24.46
26.02	0	1534.4	60	27.68	28.26	28.52	29.31	24.4
25.99	0	1535.5	60	27.66	28.24	28.49	29.29	24.37
25.97	0	1536.5	60	27.65	28.21	28.47	29.25	24.31
25.98	0	1537.6	60	27.67	28.18	28.47	29.23	24.24
25.98	0	1538.7	60	27.6	28.17	28.41	29.21	24.17
25.93	0	1539.7	60	27.59	28.16	28.41	29.18	24.15
25.91	0	1540.8	60	27.59	28.11	28.41	29.18	24.13
26	0	1541.9	60	27.57	28.14	28.39	29.14	24.15
25.92	0	1542.9	60	27.54	28.09	28.36	29.14	24.14
25.9	0	1544	60	27.52	28.06	28.33	29.11	24.12
25.89	0	1545	60	27.5	28.08	28.31	29.13	24.11
25.9	0	1546.1	60	27.48	27.99	28.25	29.02	24
25.9	0	1547.2	60	27.49	28	28.23	29.04	23.97
25.9	0	1548.2	60	27.45	27.99	28.22	29.05	23.96
25.89	0	1549.3	60	27.43	27.96	28.22	29	23.97
25.85	0	1550.4	60	27.44	27.95	28.22	28.99	23.93
25.78	0	1551.4	60	27.42	27.93	28.2	28.97	23.92
25.91	0	1552.5	60	27.39	27.91	28.15	28.95	23.95
25.9	0	1553.5	60	27.41	27.91	28.13	28.94	23.95
25.83	0	1554.6	60	27.36	27.88	28.13	28.9	23.93
25.81	0	1555.7	60	27.34	27.86	28.12	28.9	23.88
25.76	0	1556.7	60	27.32	27.85	28.1	28.88	23.94
25.8	0	1557.8	60	27.28	27.84	28.06	28.85	23.91
25.8	0	1558.9	60	27.29	27.81	28.06	28.83	23.86
25.8	0	1559.9	60	27.28	27.82	28.03	28.8	23.85
25.83	0	1561	60	27.26	27.75	28	28.78	23.82
25.76	0	1562	60	27.24	27.77	28.02	28.74	23.79
25.76	0	1563.1	60	27.23	27.75	27.96	28.75	23.78
25.74	0	1564.2	60	27.21	27.73	27.95	28.73	23.76
25.74	0	1565.2	60	27.2	27.71	27.94	28.71	23.74
25.73	0	1566.3	60	27.18	27.69	27.91	28.69	23.73
25.72	0	1567.4	60	27.16	27.68	27.9	28.66	23.76
25.73	0	1568.4	60	27.14	27.66	27.89	28.64	23.74
25.72	0	1569.5	60	27.13	27.64	27.87	28.62	23.69
25.69	0	1570.5	60	27.11	27.62	27.86	28.59	23.64
25.67	0	1571.6	60	27.09	27.62	27.84	28.57	23.6
25.71	0	1572.7	60	27.07	27.57	27.84	28.57	23.62
25.68	0	1573.7	60	27.08	27.57	27.82	28.55	23.6
25.68	0	1574.8	60	27.05	27.56	27.8	28.54	23.63
25.68	0	1575.9	60	27.03	27.54	27.77	28.54	23.56
25.65	0	1576.9	60	27.01	27.52	27.76	28.51	23.58
25.65	0	1578	60	27.01	27.52	27.76	28.51	23.59
25.64	0	1579.1	60	26.99	27.51	27.72	28.47	23.57
25.6	0	1580.1	60	26.99	27.47	27.69	28.45	23.5
25.62	0	1581.2	60	26.96	27.43	27.68	28.41	23.47
25.6	0	1582.2	60	26.93	27.43	27.65	28.38	23.46
25.6	0	1583.3	60	26.9	27.42	27.64	28.38	23.52
25.62	0	1584.4	60	26.9	27.41	27.61	28.36	25.17
25.59	0	1585.4	60	26.9	27.39	27.6	28.35	26.59
25.57	0	1586.5	60	26.88	27.38	27.58	28.34	27.26
25.58	0	1587.6	60	26.86	27.34	27.59	28.32	27.68
25.55	0	1588.6	60	26.85	27.33	27.54	28.29	27.93
25.55	0	1589.7	60	26.81	27.32	27.53	28.26	28.09
25.54	0	1590.7	60	26.79	27.32	27.53	28.25	28.18
25.54	0	1591.8	60	26.79	27.31	27.51	28.24	28.22
25.56	0	1592.9	60	26.78	27.28	27.5	28.22	28.24
25.53	0	1593.9	60	26.77	27.28	27.48	28.2	28.26
25.51	0	1595	60	26.75	27.27	27.46	28.17	28.25
25.51	0	1596.1	60	26.75	27.26	27.45	28.17	28.25
25.5	0	1597.1	60	26.74	27.22	27.41	28.14	28.25
25.49	0	1598.2	60	26.74	27.22	27.4	28.13	28.22
25.48	0	1599.2	60	26.7	27.17	27.39	28.11	28.2
25.48	0	1600.3	60	26.71	27.16	27.37	28.1	28.17
25.46	0	1601.4	60	26.69	27.14	27.35	28.09	28.15
25.49	0	1602.4	60	26.68	27.12	27.34	28.08	28.13
25.45	0	1603.5	60	26.67	27.12	27.33	28.07	28.12
25.45	0	1604.6	60	26.65	27.11	27.33	28.05	28.1
25.44	0	1605.6	60	26.65	27.09	27.32	28.04	28.09
25.44	0	1606.7	60	26.63	27.07	27.29	28.03	28.07
25.41	0	1607.8	60	26.62	27.07	27.27	28	28.04
25.42	0	1608.8	60	26.6	27.05	27.25	27.98	28.03
25.42	0	1609.9	60	26.6	27.05	27.24	27.96	28
25.4	0	1610.9	60	26.58	27.03	27.22	27.95	27.99
25.41	0	1612	60	26.57	27.02	27.2	27.92	27.97
25.4	0	1613.1	60	26.56	26.98	27.18	27.91	27.95
25.39	0	1614.1	60	26.53	26.98	27.16	27.89	27.94
25.4	0	1615.2	60	26.53	26.95	27.15	27.87	27.91
25.37	0	1616.3	60	26.51	26.95	27.14	27.85	27.89
25.38	0	1617.3	60	26.49	26.93	27.14	27.84	27.88
25.4	0	1618.4	60	26.49	26.93	27.11	27.81	27.86
25.37	0	1619.4	60	26.48	26.9	27.09	27.81	27.85
25.38	0	1620.5	60	26.46	26.9	27.08	27.79	27.84
25.36	0	1621.6	60	26.44	26.88	27.07	27.77	27.82
25.35	0	1622.6	60	26.43	26.88	27.05	27.75	27.8
25.38	0	1623.7	60	26.42	26.86	27.04	27.73	27.78
25.34	0	1624.8	60	26.4	26.84	27.03	27.71	27.75
25.34	0	1625.8	60	26.38	26.84	27	27.69	27.74
25.36	0	1626.9	60	26.36	26.81	26.99	27.67	27.71
25.34	0	1627.9	60	26.35	26.81	26.97	27.65	27.69
25.34	0	1629	60	26.34	26.78	26.96	27.64	27.67
25.33	0	1630.1	60	26.32	26.77	26.95	27.63	27.66
25.31	0	1631.1	60	26.31	26.77	26.93	27.62	27.65
25.32	0	1632.2	60	26.31	26.76	26.92	27.61	27.64
25.32	0	1633.3	60	26.29	26.73	26.91	27.6	27.6
25.3	0	1634.3	60	26.28	26.73	26.9	27.58	27.59
25.3	0	1635.4	60	26.28	26.71	26.89	27.56	27.59
25.29	0	1636.4	60	26.25	26.71	26.87	27.54	27.57
25.26	0	1637.5	60	26.25	26.67	26.87	27.53	27.56
25.26	0	1638.6	60	26.23	26.69	26.83	27.52	27.55
25.25	0	1639.6	60	26.22	26.67	26.83	27.52	27.54
25.27	0	1640.7	60	26.22	26.65	26.81	27.51	27.52
25.24	0	1641.8	60	26.21	26.65	26.81	27.49	27.51
25.26	0	1642.8	60	26.19	26.63	26.8	27.46	27.5
25.23	0	1643.9	60	26.19	26.61	26.79	27.44	27.45
25.23	0	1645	60	26.21	26.59	26.76	27.42	27.47
25.24	0	1646	60	26.16	26.59	26.75	27.43	27.45
25.24	0	1647.1	60	26.15	26.58	26.75	27.42	27.43
25.23	0	1648.1	60	26.15	26.57	26.73	27.4	27.43
25.22	0	1649.2	60	26.13	26.56	26.71	27.39	27.42
25.22	0	1650.3	60	26.12	26.55	26.71	27.38	27.4
25.22	0	1651.3	60	26.11	26.53	26.7	27.38	27.39
25.22	0	1652.4	60	26.1	26.53	26.68	27.36	27.37
25.2	0	1653.5	60	26.1	26.52	26.68	27.37	27.38
25.18	0	1654.5	60	26.09	26.51	26.67	27.36	27.35
25.17	0	1655.6	60	26.07	26.5	26.64	27.34	27.35
25.18	0	1656.6	60	26.06	26.49	26.64	27.32	27.33
25.18	0	1657.7	60	26.06	26.47	26.64	27.31	27.31
25.18	0	1658.8	60	26.06	26.46	26.62	27.3	27.29
25.22	0	1659.8	60	26.02	26.45	26.6	27.27	27.28
25.16	0	1660.9	60	26.02	26.44	26.57	27.27	27.25
25.2	0	1662	60	26.02	26.4	26.58	27.25	27.24
25.18	0	1663	60	25.99	26.4	26.55	27.24	27.23
25.14	0	1664.1	60	25.98	26.4	26.55	27.22	27.22
25.11	0	1665.1	60	26.01	26.38	26.52	27.21	27.2
25.12	0	1666.2	60	25.98	26.38	26.52	27.2	27.19
25.13	0	1667.3	60	25.95	26.36	26.51	27.15	27.19
25.14	0	1668.3	60	25.95	26.36	26.5	27.17	27.15
25.18	0	1669.4	60	25.93	26.35	26.47	27.14	27.13
25.17	0	1670.5	60	25.91	26.28	26.49	27.12	27.12
25.12	0	1671.5	60	25.9	26.31	26.46	27.11	27.12
25.1	0	1672.6	60	25.9	26.3	26.44	27.11	27.06
25.03	0	1673.7	60	25.91	26.29	26.44	27.08	27.07
25.1	0	1674.7	60	25.89	26.28	26.42	27.07	27.06
25.1	0	1675.8	60	25.87	26.27	26.41	27.07	27.03
25.11	0	1676.8	60	25.87	26.26	26.38	27.04	27.04
25.09	0	1677.9	60	25.85	26.24	26.39	27.04	27.01
25.07	0	1679	60	25.84	26.23	26.36	27.02	27.01
25.08	0	1680	60	25.82	26.23	26.38	26.98	26.98
25.1	0	1681.1	60	25.81	26.21	26.33	27.01	26.97
25.04	0	1682.2	60	25.8	26.21	26.31	26.99	26.94
25.03	0	1683.2	60	25.77	26.18	26.34	26.94	26.92
25.1	0	1684.3	60	25.78	26.19	26.29	26.93	26.91
25.07	0	1685.3	60	25.78	26.17	26.29	26.92	26.89
25.06	0	1686.4	60	25.77	26.14	26.27	26.91	26.87
25.04	0	1687.5	60	25.73	26.14	26.25	26.9	26.87
25.03	0	1688.5	60	25.74	26.11	26.24	26.89	26.87
25.04	0	1689.6	60	25.74	26.12	26.24	26.88	26.85
25.05	0	1690.7	60	25.72	26.11	26.22	26.87	26.84
25.02	0	1691.7	60	25.71	26.1	26.21	26.86	26.82
25.03	0	1692.8	60	25.71	26.08	26.2	26.83	26.8
24.99	0	1693.8	60	25.7	26.07	26.19	26.83	26.79
25	0	1694.9	60	25.69	26.06	26.18	26.82	26.77
25	0	1696	60	25.67	26.06	26.18	26.81	26.77
25	0	1697	60	25.66	26.03	26.16	26.79	26.74
25.02	0	1698.1	60	25.65	26.03	26.16	26.78	26.73
25.01	0	1699.2	60	25.64	26.02	26.14	26.76	26.71
24.98	0	1700.2	60	25.64	26.02	26.13	26.74	26.71
24.98	0	1701.3	60	25.63	26	26.11	26.74	26.69
24.98	0	1702.3	60	25.62	26	26.1	26.73	26.68
24.98	0	1703.4	60	25.59	25.98	26.09	26.72	26.67
24.96	0	1704.5	60	25.6	25.97	26.08	26.71	26.66
24.95	0	1705.5	60	25.58	25.96	26.08	26.71	26.66
24.95	0	1706.6	60	25.58	25.96	26.07	26.69	26.65
24.95	0	1707.7	60	25.57	25.94	26.05	26.69	26.64
24.94	0	1708.7	60	25.55	25.94	26.03	26.68	26.65
24.92	0	1709.8	60	25.57	25.92	26.03	26.67	26.63
24.93	0	1710.9	60	25.54	25.89	26.06	26.66	26.6
24.89	0	1711.9	60	25.52	25.95	26	26.65	26.62
24.96	0	1713	60	25.53	25.87	25.99	26.64	26.61
24.88	0	1714	60	25.49	25.86	25.98	26.62	26.58
24.86	0	1715.1	60	25.48	25.89	25.99	26.62	26.57
24.91	0	1716.2	60	25.5	25.86	25.96	26.61	26.58
24.86	0	1717.2	60	25.52	25.85	25.95	26.58	26.55
24.95	0	1718.3	60	25.49	25.84	25.95	26.55	26.52
24.91	0	1719.4	60	25.48	25.81	25.94	26.54	26.51
24.9	0	1720.4	60	25.47	25.8	25.92	26.58	26.53
24.89	0	1721.5	60	25.46	25.79	25.93	26.56	26.5
24.84	0	1722.5	60	25.45	25.78	25.91	26.54	26.5
24.87	0	1723.6	60	25.43	25.79	25.91	26.53	26.49
24.88	0	1724.7	60	25.43	25.79	25.9	26.54	26.49
24.88	0	1725.7	60	25.42	25.79	25.89	26.53	26.48
24.85	0	1726.8	60	25.42	25.78	25.89	26.52	26.48
24.85	0	1727.9	60	25.41	25.76	25.87	26.51	26.47
24.85	0	1728.9	60	25.4	25.77	25.86	26.5	26.46
24.85	0	1730	60	25.39	25.75	25.85	26.48	26.44
24.84	0	1731	60	25.38	25.73	25.84	26.46	26.43
24.83	0	1732.1	60	25.37	25.72	25.82	26.44	26.41
24.85	0	1733.2	60	25.36	25.71	25.8	26.42	26.4
24.83	0	1734.2	60	25.36	25.7	25.79	26.42	26.37
24.83	0	1735.3	60	25.35	25.69	25.79	26.41	26.36
24.82	0	1736.4	60	25.33	25.69	25.79	26.4	26.35
24.81	0	1737.4	60	25.32	25.68	25.76	26.39	26.34
24.81	0	1738.5	60	25.31	25.67	25.75	26.38	26.33
24.79	0	1739.6	60	25.32	25.66	25.74	26.37	26.31
24.8	0	1740.6	60	25.3	25.65	25.72	26.36	26.3
24.79	0	1741.7	60	25.29	25.64	25.72	26.35	26.3
24.78	0	1742.7	60	25.29	25.63	25.72	26.34	26.28
24.79	0	1743.8	60	25.27	25.62	25.71	26.32	26.28
24.77	0	1744.9	60	25.27	25.61	25.7	26.32	26.26
24.77	0	1745.9	60	25.26	25.6	25.69	26.31	26.25
24.76	0	1747	60	25.25	25.59	25.67	26.29	26.23
24.77	0	1748.1	60	25.25	25.58	25.66	26.29	26.23
24.76	0	1749.1	60	25.23	25.58	25.65	26.27	26.21
24.74	0	1750.2	60	25.23	25.56	25.65	26.26	26.2
24.77	0	1751.2	60	25.22	25.55	25.64	26.24	26.18
24.73	0	1752.3	60	25.2	25.55	25.62	26.23	26.17
24.75	0	1753.4	60	25.2	25.54	25.62	26.21	26.15
24.76	0	1754.4	60	25.2	25.53	25.61	26.21	26.13
24.72	0	1755.5	60	25.18	25.52	25.6	26.19	26.13
24.74	0	1756.6	60	25.18	25.5	25.58	26.18	26.11
24.72	0	1757.6	60	25.17	25.5	25.56	26.17	26.1
24.72	0	1758.7	60	25.15	25.49	25.56	26.15	26.08
24.71	0	1759.7	60	25.14	25.47	25.55	26.14	26.07
24.7	0	1760.8	60	25.13	25.46	25.54	26.13	26.06
24.69	0	1761.9	60	25.12	25.45	25.53	26.13	26.06
24.7	0	1762.9	60	25.11	25.44	25.52	26.12	26.04
24.7	0	1764	60	25.11	25.43	25.52	26.12	26.04
24.68	0	1765.1	60	25.09	25.42	25.51	26.11	26.04
24.68	0	1766.1	60	25.09	25.42	25.5	26.1	26.04
24.68	0	1767.2	60	25.08	25.41	25.5	26.11	26.03
24.67	0	1768.3	60	25.08	25.41	25.49	26.11	26.03
24.65	0	1769.3	60	25.07	25.4	25.48	26.09	26.03
24.67	0	1770.4	60	25.05	25.4	25.49	26.1	26.03
24.66	0	1771.4	60	25.06	25.39	25.49	26.1	26.02
24.73	0	1772.5	60	25.05	25.39	25.47	26.09	26.02
24.64	0	1773.6	60	25.03	25.37	25.48	26.07	25.99
24.71	0	1774.6	60	25.05	25.4	25.43	26.1	26.02
24.66	0	1775.7	60	25.07	25.37	25.45	26.04	26
24.62	0	1776.8	60	25.04	25.33	25.45	26.05	25.99
24.62	0	1777.8	60	25.02	25.33	25.42	26.04	25.97
24.63	0	1778.9	60	25.01	25.34	25.42	26	25.94
24.6	0	1779.9	60	25.02	25.33	25.39	26.02	25.93
24.65	0	1781	60	24.99	25.32	25.39	26	25.92
24.59	0	1782.1	60	24.99	25.26	25.36	25.98	25.91
24.63	0	1783.1	60	24.95	25.31	25.37	25.93	25.86
24.62	0	1784.2	60	25	25.31	25.35	25.99	25.91
24.56	0	1785.3	60	24.98	25.28	25.37	25.92	25.91
24.63	0	1786.3	60	24.98	25.27	25.36	25.94	25.86
24.57	0	1787.4	60	24.96	25.25	25.35	25.91	25.86
24.53	0	1788.4	60	24.96	25.24	25.37	25.93	25.85
24.59	0	1789.5	60	24.96	25.24	25.33	25.93	25.84
24.66	0	1790.6	60	24.92	25.23	25.28	25.93	25.81
24.62	0	1791.6	60	24.95	25.22	25.32	25.93	25.84
24.56	0	1792.7	60	24.94	25.27	25.3	25.88	25.86
24.53	0	1793.8	60	24.91	25.26	25.3	25.9	25.81
24.61	0	1794.8	60	24.91	25.18	25.31	25.9	25.81
24.58	0	1795.9	60	24.91	25.2	25.26	25.88	25.81
24.58	0	1797	60	24.9	25.2	25.25	25.87	25.8
24.57	0	1798	60	24.88	25.19	25.26	25.86	25.77
24.52	0	1799.1	60	24.87	25.19	25.25	25.85	25.78
24.52	0	1800.1	60	24.87	25.15	25.23	25.82	25.75
24.54	0	1801.2	60	24.86	25.15	25.24	25.85	25.72
24.57	0	1802.3	60	24.86	25.15	25.22	25.8	25.72
24.54	0	1803.3	60	24.83	25.13	25.21	25.8	25.71
24.5	0	1804.4	60	24.81	25.14	25.21	25.77	25.7
24.57	0	1805.5	60	24.84	25.12	25.2	25.77	25.72
24.56	0	1806.5	60	24.81	25.1	25.17	25.75	25.69
24.54	0	1807.6	60	24.81	25.11	25.16	25.75	25.69
24.54	0	1808.6	60	24.78	25.12	25.14	25.78	25.69
24.52	0	1809.7	60	24.78	25.12	25.16	25.76	25.65
24.49	0	1810.8	60	24.8	25.1	25.16	25.75	25.67
24.49	0	1811.8	60	24.79	25.07	25.14	25.74	25.65
24.5	0	1812.9	60	24.78	25.07	25.13	25.73	25.64
24.51	0	1814	60	24.77	25.06	25.12	25.72	25.63
24.53	0	1815	60	24.76	25.06	25.12	25.72	25.62
24.5	0	1816.1	60	24.76	25.05	25.12	25.7	25.62
24.51	0	1817.2	60	24.76	25.05	25.11	25.7	25.61
24.51	0	1818.2	60	24.75	25.04	25.09	25.68	25.61
24.49	0	1819.3	60	24.74	25.03	25.09	25.67	25.59
24.49	0	1820.3	60	24.74	25.03	25.07	25.67	25.58
24.5	0	1821.4	60	24.72	25.02	25.06	25.65	25.57
24.47	0	1822.5	60	24.72	25.01	25.06	25.64	25.55
24.48	0	1823.5	60	24.71	25.01	25.05	25.62	25.54
24.46	0	1824.6	60	24.71	24.99	25.04	25.62	25.53
24.48	0	1825.7	60	24.71	24.99	25.04	25.61	25.52
24.47	0	1826.7	60	24.69	24.98	25.02	25.6	25.51
24.47	0	1827.8	60	24.69	24.98	25.02	25.58	25.5
24.45	0	1828.8	60	24.68	24.96	25.01	25.58	25.49
24.47	0	1829.9	60	24.68	24.95	25	25.57	25.48
24.46	0	1831	60	24.66	24.95	25	25.57	25.48
24.46	0	1832	60	24.66	24.95	24.99	25.57	25.48
24.44	0	1833.1	60	24.65	24.94	24.98	25.56	25.48
24.45	0	1834.2	60	24.64	24.93	24.98	25.55	25.47
24.44	0	1835.2	60	24.64	24.94	24.97	25.56	25.47
24.45	0	1836.3	60	24.64	24.92	24.96	25.55	25.47
24.44	0	1837.3	60	24.64	24.91	24.97	25.55	25.46
24.45	0	1838.4	60	24.62	24.92	24.95	25.54	25.47
24.44	0	1839.5	60	24.62	24.9	24.95	25.53	25.44
24.43	0	1840.5	60	24.61	24.91	24.94	25.53	25.43
24.43	0	1841.6	60	24.61	24.89	24.93	25.52	25.42
24.44	0	1842.7	60	24.6	24.89	24.92	25.51	25.41
24.45	0	1843.7	60	24.6	24.88	24.92	25.5	25.41
24.43	0	1844.8	60	24.6	24.88	24.91	25.5	25.4
24.42	0	1845.9	60	24.59	24.87	24.91	25.49	25.4
24.42	0	1846.9	60	24.58	24.86	24.9	25.49	25.39
24.42	0	1848	60	24.58	24.86	24.9	25.48	25.38
24.4	0	1849	60	24.57	24.85	24.89	25.47	25.37
24.42	0	1850.1	60	24.57	24.85	24.88	25.46	25.35
24.42	0	1851.2	60	24.56	24.83	24.86	25.44	25.34
24.41	0	1852.2	60	24.55	24.83	24.85	25.44	25.33
24.4	0	1853.3	60	24.55	24.82	24.85	25.43	25.32
24.41	0	1854.4	60	24.54	24.81	24.85	25.43	25.31
24.4	0	1855.4	60	24.54	24.81	24.84	25.41	25.3
24.4	0	1856.5	60	24.53	24.8	24.83	25.41	25.3
24.39	0	1857.5	60	24.53	24.78	24.82	25.39	25.28
24.39	0	1858.6	60	24.53	24.79	24.81	25.39	25.29
24.4	0	1859.7	60	24.52	24.78	24.82	25.38	25.27
24.4	0	1860.7	60	24.51	24.77	24.81	25.36	25.27
24.4	0	1861.8	60	24.51	24.76	24.81	25.37	25.25
24.38	0	1862.9	60	24.52	24.75	24.78	25.36	25.25
24.38	0	1863.9	60	24.49	24.74	24.78	25.35	25.24
24.38	0	1865	60	24.49	24.74	24.78	25.34	25.24
24.39	0	1866	60	24.48	24.74	24.76	25.34	25.23
24.37	0	1867.1	60	24.48	24.74	24.76	25.33	25.22
24.37	0	1868.2	60	24.47	24.73	24.76	25.33	25.21
24.37	0	1869.2	60	24.47	24.73	24.76	25.32	25.21
24.37	0	1870.3	60	24.46	24.72	24.74	25.32	25.21
24.36	0	1871.4	60	24.47	24.72	24.74	25.31	25.2
24.36	0	1872.4	60	24.45	24.7	24.73	25.3	25.18
24.37	0	1873.5	60	24.44	24.7	24.72	25.29	25.18
24.36	0	1874.6	60	24.44	24.69	24.71	25.28	25.16
24.37	0	1875.6	60	24.44	24.69	24.71	25.27	25.17
24.37	0	1876.7	60	24.43	24.69	24.7	25.27	25.16
24.35	0	1877.7	60	24.44	24.68	24.7	25.26	25.15
24.35	0	1878.8	60	24.42	24.67	24.68	25.25	25.14
24.35	0	1879.9	60	24.41	24.66	24.68	25.23	25.13
24.36	0	1880.9	60	24.4	24.66	24.67	25.23	25.12
24.35	0	1882	60	24.4	24.65	24.66	25.21	25.11
24.35	0	1883.1	60	24.38	24.65	24.65	25.21	25.09
24.35	0	1884.1	60	24.38	24.63	24.65	25.21	25.08
24.36	0	1885.2	60	24.38	24.62	24.64	25.2	25.06
24.34	0	1886.2	60	24.37	24.62	24.64	25.19	25.05
24.35	0	1887.3	60	24.37	24.63	24.63	25.18	25.04
24.35	0	1888.4	60	24.36	24.61	24.62	25.18	25.02
24.35	0	1889.4	60	24.35	24.6	24.61	25.16	25.01
24.35	0	1890.5	60	24.36	24.6	24.61	25.17	24.99
24.33	0	1891.6	60	24.35	24.6	24.62	25.16	24.99
24.33	0	1892.6	60	24.34	24.6	24.6	25.15	24.98
24.33	0	1893.7	60	24.34	24.58	24.59	25.15	24.97
24.36	0	1894.7	60	24.33	24.59	24.6	25.14	24.96
24.34	0	1895.8	60	24.32	24.57	24.59	25.13	24.96
24.32	0	1896.9	60	24.32	24.57	24.57	25.13	24.94
24.35	0	1897.9	60	24.32	24.56	24.57	25.12	24.94
24.32	0	1899	60	24.32	24.57	24.56	25.1	24.93
24.32	0	1900.1	60	24.31	24.55	24.57	25.1	24.92
24.32	0	1901.1	60	24.3	24.54	24.55	25.09	24.91
24.32	0	1902.2	60	24.3	24.55	24.55	25.09	24.91
24.32	0	1903.3	60	24.3	24.53	24.55	25.08	24.9
24.32	0	1904.3	60	24.29	24.53	24.55	25.08	24.9
24.32	0	1905.4	60	24.29	24.52	24.53	25.07	24.89
24.34	0	1906.4	60	24.28	24.54	24.54	25.07	24.89
24.33	0	1907.5	60	24.28	24.51	24.54	25.06	24.87
24.3	0	1908.6	60	24.26	24.51	24.51	25.05	24.86
24.3	0	1909.6	60	24.26	24.52	24.5	25.05	24.84
24.31	0	1910.7	60	24.26	24.5	24.49	25.03	24.84
24.31	0	1911.8	60	24.27	24.49	24.5	25.03	24.83
24.32	0	1912.8	60	24.26	24.48	24.49	25.02	24.82
24.33	0	1913.9	60	24.25	24.49	24.49	25.02	24.82
24.32	0	1914.9	60	24.25	24.48	24.49	25.01	24.82
24.3	0	1916	60	24.24	24.47	24.47	25	24.81
24.31	0	1917.1	60	24.24	24.48	24.47	25	24.8
24.3	0	1918.1	60	24.23	24.46	24.46	24.99	24.79
