Temperature	PWM	Time	Set Temperature	T1	T2	T3	T4	T5
26.31	255	13.3	60	32.5	33.07	33.25	35.61	34.17
26.24	255	14.4	60	32.47	32.98	33.25	35.6	34.16
27.03	255	15.5	60	32.44	33.01	33.22	35.62	34.14
28.15	255	16.5	60	32.41	32.9	33.22	35.53	34.11
29.41	255	17.6	60	32.41	32.87	33.19	35.44	34.12
31	255	18.6	60	32.4	32.9	33.16	35.49	34.07
32.65	255	19.7	60	32.46	32.91	33.14	35.59	34.08
34.19	255	20.8	60	32.44	32.81	33.04	35.43	33.83
35.84	255	21.8	60	32.58	32.91	33.08	35.44	34.02
37.87	255	22.9	60	32.69	33.01	33.12	35.42	34
39.49	255	24	60	32.87	33.08	33.15	35.46	34.01
41.24	255	25	60	33	33.18	33.16	35.36	33.97
42.87	255	26.1	60	33.17	33.27	33.21	35.38	33.96
44.44	255	27.1	60	33.34	33.38	33.29	35.43	33.94
46.04	255	28.2	60	33.59	33.5	33.32	35.51	33.94
47.58	255	29.3	60	33.77	33.64	33.38	35.42	33.92
48.89	255	30.3	60	33.91	33.72	33.44	35.43	33.89
50.45	255	31.4	60	34.11	33.84	33.53	35.49	33.89
51.67	255	32.5	60	34.34	33.98	33.54	35.45	33.85
53	255	33.5	60	34.56	34.1	33.63	35.52	33.86
54.32	255	34.6	60	34.8	34.28	33.76	35.54	33.84
55.48	67	35.6	60	35	34.42	33.8	35.6	33.81
56.83	49	36.7	60	35.25	34.63	33.98	35.68	33.86
57.75	37	37.8	60	35.51	34.81	34.11	35.73	33.83
58.32	29	38.8	60	35.76	34.98	34.19	35.85	33.86
58.78	23	39.9	60	35.95	35.13	34.32	35.92	33.9
58.72	25	41	60	36.19	35.3	34.47	35.98	33.91
58.43	30	42	60	36.44	35.51	34.52	36.11	33.95
58.27	34	43.1	60	36.56	35.63	34.66	36.15	33.89
57.8	42	44.2	60	36.72	35.76	34.79	36.29	34.03
57.52	48	45.2	60	36.98	35.97	34.92	36.26	33.99
57.07	56	46.3	60	36.89	36.04	34.98	36.32	34.01
56.41	68	47.3	60	37.1	36.11	35.1	36.48	34.06
56.52	69	48.4	60	37.2	36.28	35.17	36.46	34.09
56.22	76	49.5	60	37.39	36.35	35.25	36.47	34.13
55.85	84	50.5	60	37.48	36.42	35.37	36.56	34.11
55.96	85	51.6	60	37.42	36.65	35.45	36.74	34.23
55.53	94	52.7	60	37.59	36.66	35.56	36.66	34.27
55.55	97	53.7	60	37.65	36.76	35.68	36.76	34.33
55.47	101	54.8	60	37.76	36.83	35.75	36.86	34.35
55.52	103	55.9	60	37.82	36.92	35.84	37.06	34.38
55.64	104	56.9	60	37.91	37	35.9	37.1	34.43
55.97	102	58	60	38.12	37.21	36.1	36.5	33.75
55.65	109	59.1	60	37.83	36.87	35.73	36.8	33.62
54.91	163	60.1	60	37.11	36.19	35.06	36.14	33.49
55.03	167	61.2	60	37.19	36.24	35.09	36.19	33.52
55.36	167	62.3	60	37.28	36.34	35.19	36.29	33.61
55.74	167	63.3	60	37.38	36.38	35.21	36.35	33.57
56.17	165	64.4	60	37.43	36.45	35.28	36.39	33.61
56.74	160	65.5	60	37.53	36.53	35.37	36.42	33.66
57.25	156	66.5	60	37.62	36.63	35.46	36.47	33.7
57.98	148	67.6	60	37.81	36.76	35.57	36.57	33.79
58.65	139	68.7	60	37.95	36.87	35.65	36.7	33.94
59.14	133	69.7	60	38.08	37	35.74	36.77	33.9
59.38	130	70.8	60	38.15	37	35.81	36.77	33.92
60.2	118	71.8	60	38.37	37.19	35.88	36.86	34.02
60.35	115	72.9	60	38.44	37.27	36.02	36.95	34.09
60.74	109	74	60	38.54	37.39	36.12	37.06	34.1
60.85	106	75.1	60	38.67	37.53	36.14	37.14	34.12
61.23	99	76.1	60	38.74	37.58	36.23	37.18	34.15
61.45	94	77.2	60	38.9	37.69	36.32	37.26	34.21
61.55	91	78.3	60	39	37.72	36.4	37.24	34.27
61.79	85	79.3	60	39.2	37.77	36.57	37.5	34.13
61.27	91	80.4	60	39.17	38.04	36.63	37.7	34.4
61.8	82	81.5	60	39.51	38.02	36.64	37.71	34.34
61.6	83	82.5	60	39.43	38.2	36.79	37.76	34.42
61.59	81	83.6	60	39.58	38.32	36.84	37.83	34.47
61.5	80	84.7	60	39.72	38.43	36.97	37.91	34.61
61.43	80	85.7	60	39.77	38.48	37	37.94	34.57
61.31	80	86.8	60	39.86	38.59	37.11	38	34.64
61.27	79	87.8	60	39.9	38.63	37.15	38.1	34.68
61.22	78	88.9	60	40.04	38.71	37.16	38.12	34.62
61.02	80	90	60	40.05	38.73	37.25	38.13	34.68
60.99	80	91	60	40.08	38.8	37.32	38.17	34.73
60.83	81	92.1	60	40.12	38.89	37.36	38.31	34.75
60.93	78	93.2	60	40.23	38.99	37.41	38.32	34.81
60.88	78	94.2	60	40.35	39.08	37.54	38.38	34.92
60.81	78	95.3	60	40.37	39.11	37.62	38.49	34.95
60.67	80	96.4	60	40.46	39.3	37.78	38.58	35.16
60.84	76	97.4	60	40.67	39.44	37.92	38.74	35.35
60.86	75	98.5	60	40.83	39.75	38.11	38.92	35.24
60.45	80	99.6	60	40.86	39.56	38.15	38.97	35.44
60.5	79	100.6	60	40.95	39.68	38.15	38.97	35.46
60.56	77	101.7	60	40.87	39.74	38.34	39.2	35.58
60.56	77	102.8	60	41.03	39.85	38.3	39.11	35.56
60.44	78	103.8	60	40.9	39.7	38.24	39.13	35.56
60.31	79	104.9	60	41.15	39.87	38.35	38.43	35.68
60.19	81	106	60	41.01	39.76	38.28	38.37	35.5
60.03	83	107	60	41	39.75	38.29	38.5	35.54
60.13	82	108.1	60	41.21	39.87	38.36	38.59	35.72
60.28	79	109.2	60	41.3	40.07	38.59	38.73	35.81
60.18	80	110.2	60	41.28	40.08	38.61	38.79	35.87
60.12	81	111.3	60	41.38	40.15	38.69	38.83	35.94
60.23	79	112.4	60	41.45	40.23	38.77	38.9	36
60.07	82	113.4	60	41.45	40.26	38.8	38.92	36.02
60.16	80	114.5	60	41.5	40.34	38.85	38.99	36.06
59.98	83	115.6	60	41.59	40.36	38.9	39.07	36.11
60.1	81	116.6	60	41.59	40.41	38.92	39.05	36.06
59.7	87	117.7	60	41.43	40.23	38.73	38.89	35.99
60.24	79	118.8	60	41.85	40.69	39.33	39.55	36.6
60.1	81	119.8	60	41.66	40.4	38.88	39	36
59.97	83	120.9	60	41.84	40.81	39.39	39.68	36.53
59.92	84	122	60	41.76	40.63	39.16	39.38	36.3
59.87	84	123	60	41.7	40.4	38.97	39.18	36.16
59.76	86	124.1	60	41.76	40.64	39.23	39.8	36.88
60.09	81	125.2	60	41.8	40.6	39.11	39.33	36.39
60.24	79	126.2	60	42.13	41.04	39.59	39.84	36.81
60.38	76	127.3	60	42.26	40.98	39.57	39.82	36.72
59.82	85	128.4	60	41.87	40.63	39.17	39.63	36.32
59.87	84	129.4	60	42.11	40.85	39.43	40.36	37.02
60.33	77	130.5	60	42.37	41.16	39.71	40.13	36.74
60.21	79	131.6	60	42.17	40.89	39.5	40.02	36.6
59.85	84	132.6	60	42.12	40.97	39.56	40.14	36.76
59.9	84	133.7	60	42.25	41.12	40.1	40.53	37.01
60.64	72	134.8	60	42.78	41.6	40.14	40.51	37.3
60.55	73	135.8	60	42.84	41.67	40.18	40.58	37.31
60.57	72	136.9	60	42.88	41.7	40.29	40.57	37.39
60.65	70	138	60	42.93	41.74	40.29	40.59	37.43
60.36	74	139	60	42.88	41.73	40.28	40.59	37.46
59.95	80	140.1	60	42.6	41.25	39.89	39.45	37.08
59.75	83	141.2	60	42.34	41.13	39.68	38.91	36.68
59.2	92	142.2	60	42.11	40.96	39.47	38.79	36.56
59.14	94	143.3	60	42.07	40.94	39.51	38.86	36.62
59.2	94	144.4	60	42.14	40.95	39.47	38.82	36.64
59.13	96	145.4	60	42.13	40.96	39.55	38.87	36.7
59.21	96	146.5	60	42.19	41.03	39.6	38.89	36.75
59.4	93	147.6	60	42.23	41.08	39.65	39	36.8
59.45	93	148.6	60	42.3	41.13	39.71	39.05	36.87
59.52	93	149.7	60	42.32	41.17	39.72	39.07	36.87
59.63	92	150.8	60	42.35	41.18	39.74	39.09	36.93
59.72	91	151.8	60	42.36	41.23	39.75	39.12	36.93
59.87	89	152.9	60	42.41	41.23	39.8	39.15	36.97
59.92	88	154	60	42.43	41.27	39.83	39.12	36.99
59.95	88	155	60	42.47	41.33	39.87	39.15	37.04
60.01	87	156.1	60	42.5	41.37	39.92	39.2	37.1
60.07	86	157.2	60	42.57	41.39	39.96	39.25	37.16
60.09	85	158.2	60	42.57	41.42	39.99	41.88	37.18
60.2	83	159.3	60	42.63	41.48	40	41.88	37.14
60.19	83	160.4	60	42.65	41.47	40.05	41.9	37.18
60.21	83	161.4	60	42.66	41.53	40.07	41.85	37.2
60.21	83	162.5	60	42.69	41.54	40.09	41.85	37.22
60.16	83	163.6	60	42.72	41.52	40.09	41.87	37.18
60.25	82	164.7	60	42.73	41.58	40.11	41.87	37.26
60.23	82	165.7	60	42.75	41.65	40.15	41.85	37.23
60.2	82	166.8	60	42.81	41.67	40.21	41.78	37.25
60.16	82	167.9	60	42.85	41.67	40.23	41.63	37.27
60.07	83	168.9	60	42.88	41.69	40.25	41.99	37.34
60.18	82	170	60	42.88	41.75	40.32	42.07	37.37
60.25	80	171.1	60	42.93	41.78	40.35	41.96	37.4
60.23	80	172.1	60	43	41.84	40.41	41.68	37.47
60.14	81	173.2	60	43.05	41.87	40.42	41.47	37.52
60.12	82	174.3	60	43.12	41.92	40.46	41.73	37.57
60.27	79	175.3	60	43.07	41.97	40.51	41.53	37.56
60.12	81	176.4	60	43.14	41.97	40.52	41.93	37.6
60.1	81	177.5	60	43.18	41.99	40.58	41.8	37.66
60.14	81	178.5	60	43.19	42.04	40.6	41.69	37.66
60.1	81	179.6	60	43.23	42.11	40.58	42.1	37.68
59.94	84	180.7	60	43.09	41.95	40.55	41.52	37.58
59.89	84	181.7	60	43.09	42.03	40.57	41.49	37.47
59.99	83	182.8	60	43.13	41.99	40.53	41.96	37.56
59.84	85	183.9	60	43.18	42.04	40.59	41.65	37.6
59.93	84	184.9	60	43.25	42.11	40.6	41.4	37.64
59.9	85	186	60	43.26	42.14	40.62	40.66	37.7
60.02	83	187.1	60	43.3	42.15	40.66	40.77	37.76
59.96	84	188.1	60	43.32	42.13	40.69	40.51	37.79
60.03	83	189.2	60	43.32	42.15	40.71	40.47	37.79
60	83	190.3	60	43.31	42.14	40.71	40.51	37.79
60	83	191.3	60	43.33	42.14	40.72	40.48	37.81
59.98	84	192.4	60	43.31	42.19	40.73	40.49	37.79
59.97	84	193.5	60	43.27	42.12	40.65	40.42	37.73
59.88	85	194.5	60	43.28	42.03	40.61	40.34	37.66
59.86	86	195.6	60	43.23	42.07	40.63	40.86	37.69
59.81	86	196.7	60	43.25	42.11	40.68	40.63	37.72
59.85	86	197.7	60	43.3	42.15	40.68	40.65	37.75
59.81	87	198.8	60	43.29	42.15	40.7	40.78	37.74
59.82	87	199.9	60	43.32	42.21	40.69	40.88	37.79
59.96	85	200.9	60	43.33	42.22	40.8	40.91	37.8
60.01	84	202	60	43.39	42.24	40.82	40.86	37.78
59.89	86	203.1	60	43.36	42.27	40.77	40.81	37.87
59.88	86	204.1	60	43.36	42.29	40.77	40.89	37.79
60.04	84	205.2	60	43.41	42.28	40.85	40.86	37.87
60.02	84	206.3	60	43.42	42.27	40.86	40.86	37.87
60.06	84	207.3	60	43.47	42.33	40.88	40.81	37.9
60.13	82	208.4	60	43.48	42.33	40.88	40.93	37.89
60.11	83	209.5	60	43.49	42.35	40.9	41.01	37.91
60.06	83	210.5	60	43.5	42.38	40.92	41.03	37.92
60.07	83	211.6	60	43.56	42.44	40.97	40.85	37.94
59.98	84	212.7	60	43.53	42.43	40.97	40.96	37.95
60.06	83	213.7	60	43.53	42.43	40.95	40.94	37.93
59.97	84	214.8	60	43.51	42.43	40.96	40.93	37.95
60.08	83	215.9	60	43.55	42.46	41	40.95	38.03
60.08	83	216.9	60	43.58	42.46	41.02	41.09	38.01
60.01	84	218	60	43.6	42.5	41.03	41.12	38.05
60.02	84	219.1	60	43.61	42.51	41.06	41.05	38.07
60.02	83	220.1	60	43.65	42.52	41.08	41.08	38.09
60.05	83	221.2	60	43.65	42.52	41.1	41.16	38.08
60.12	82	222.3	60	43.66	42.53	41.1	41.12	38.09
60.08	82	223.3	60	43.65	42.53	41.1	40.99	38.12
60.1	82	224.4	60	43.67	42.57	41.11	41.11	38.13
60.12	82	225.5	60	43.69	42.56	41.12	41.17	38.15
60.04	83	226.5	60	43.69	42.57	41.13	41.22	38.15
60.04	83	227.6	60	43.71	42.58	41.18	41.3	38.21
60.09	82	228.7	60	43.74	42.61	41.18	41.36	38.24
60.14	81	229.7	60	43.79	42.65	41.24	41.38	38.28
60.15	81	230.8	60	43.84	42.67	41.26	41.43	38.28
60.04	82	231.9	60	43.82	42.73	41.31	41.42	38.31
60.04	82	232.9	60	43.82	42.72	41.25	41.43	38.33
60.07	81	234	60	43.86	42.7	41.3	41.41	38.33
59.99	83	235.1	60	43.91	42.72	41.29	41.46	38.35
60.13	81	236.1	60	43.89	42.79	41.34	41.48	38.35
60.07	81	237.2	60	43.88	42.77	41.35	41.48	38.39
59.95	83	238.3	60	43.92	42.77	41.37	41.52	38.42
59.89	84	239.3	60	43.92	42.76	41.36	41.53	38.45
60.07	81	240.4	60	43.94	42.79	41.44	41.54	38.42
60.02	82	241.5	60	43.93	42.83	41.4	41.56	38.43
59.93	83	242.5	60	43.96	42.86	41.46	41.55	38.43
59.98	83	243.6	60	44.05	42.88	41.42	41.59	38.45
60.11	81	244.7	60	44.01	42.91	41.46	41.61	38.47
59.98	83	245.7	60	44.09	42.89	41.47	41.6	38.51
60.02	82	246.8	60	44.04	42.93	41.47	41.58	38.49
60.05	81	247.9	60	44	42.89	41.49	41.59	38.49
60.1	81	248.9	60	44.02	42.9	41.5	41.58	38.53
60.04	81	250	60	44.01	42.91	41.48	41.59	38.55
60.11	80	251.1	60	43.99	42.95	41.48	41.6	38.54
60	82	252.1	60	44	42.9	41.5	41.61	38.56
60.03	82	253.2	60	44.02	42.94	41.49	41.55	38.54
60.01	82	254.3	60	44.02	42.9	41.51	41.57	38.55
60.02	82	255.3	60	44.04	42.92	41.51	41.57	38.54
59.94	83	256.4	60	44.04	42.91	41.53	41.62	38.56
59.93	83	257.5	60	44.1	42.96	41.55	41.65	38.57
59.97	83	258.5	60	44.08	42.97	41.58	41.68	38.56
59.96	83	259.6	60	44.09	43	41.58	41.65	38.56
59.85	85	260.7	60	44.11	42.99	41.61	41.79	38.57
59.93	83	261.7	60	44.13	43.04	41.62	41.79	38.61
59.98	83	262.8	60	44.15	43.04	41.61	41.73	38.62
60.02	82	263.9	60	44.12	43.01	41.61	41.75	38.63
60.04	82	264.9	60	44.11	43	41.59	41.66	38.63
59.99	83	266	60	44.09	42.98	41.57	41.66	38.62
59.98	83	267.1	60	44.09	42.99	41.59	41.68	38.62
60.02	82	268.1	60	44.1	42.99	41.59	41.67	38.63
60.03	82	269.2	60	44.1	42.98	41.58	41.66	38.65
60.03	82	270.3	60	44.08	42.99	41.59	41.66	38.64
60	82	271.3	60	44.09	43.05	41.61	41.64	38.64
60.13	80	272.4	60	44.13	43.01	41.61	41.65	38.67
60.02	82	273.5	60	44.14	43.04	41.62	41.69	38.7
59.94	83	274.5	60	44.11	43.06	41.64	41.69	38.72
60	82	275.6	60	44.16	43.06	41.65	41.66	38.68
60.01	82	276.7	60	44.12	43.04	41.64	41.66	38.7
60.07	81	277.8	60	44.15	43.07	41.69	41.7	38.74
59.99	82	278.8	60	44.21	43.11	41.72	41.73	38.78
59.96	83	279.9	60	44.24	43.11	41.71	41.79	38.82
59.96	83	281	60	44.24	43.15	41.75	41.81	38.84
59.98	83	282	60	44.27	43.19	41.78	41.8	38.86
60.04	82	283.1	60	44.31	43.21	41.78	41.84	38.87
60.05	81	284.2	60	44.3	43.23	41.78	41.87	38.89
60.14	80	285.2	60	44.32	43.24	41.84	41.85	38.89
60.03	81	286.3	60	44.31	43.22	41.81	41.86	38.87
60.1	80	287.4	60	44.31	43.23	41.79	41.88	38.85
60.1	80	288.4	60	44.3	43.21	41.82	41.84	38.86
60.01	81	289.5	60	44.29	43.22	41.84	41.83	38.89
60.07	81	290.6	60	44.31	43.23	41.86	41.87	38.94
60.03	81	291.6	60	44.35	43.25	41.86	41.93	38.98
59.97	82	292.7	60	44.42	43.27	41.9	42	39.02
59.97	82	293.8	60	44.44	43.35	41.93	42.01	39.07
59.91	83	294.8	60	44.48	43.37	41.95	42.16	39.09
59.95	83	295.9	60	44.48	43.38	41.99	42.2	39.11
59.98	82	297	60	44.45	43.39	41.98	42.12	39.1
59.99	82	298	60	44.47	43.37	41.97	42.13	39.11
59.99	82	299.1	60	44.43	43.34	41.95	42.21	39.07
59.92	83	300.2	60	44.45	43.34	41.97	42.15	39.06
59.93	83	301.2	60	44.45	43.35	41.99	42.03	39.08
60.02	82	302.3	60	44.44	43.35	41.94	42.02	39.07
59.98	82	303.4	60	44.47	43.35	41.95	41.96	39.07
59.93	83	304.4	60	44.45	43.35	41.98	41.93	39.05
59.92	83	305.5	60	44.46	43.36	41.99	41.93	39.06
59.94	83	306.6	60	44.48	43.4	41.98	41.98	39.03
60	82	307.6	60	44.52	43.4	42	41.99	39.07
59.96	83	308.7	60	44.53	43.41	42.05	41.98	39.11
59.95	83	309.7	60	44.52	43.44	42.03	42.01	39.12
60.02	82	310.8	60	44.55	43.45	42.04	42.04	39.17
59.97	83	311.9	60	44.55	43.43	42.06	42.06	39.16
60.02	82	313	60	44.51	43.42	42.04	42.1	39.14
59.97	83	314	60	44.44	43.37	42	42.03	39.12
59.97	83	315.1	60	44.44	43.43	42.01	42.05	39.14
60.06	82	316.1	60	44.49	43.45	42.08	42.08	39.12
60.03	82	317.2	60	44.52	43.47	42.07	42.06	39.13
60.07	81	318.3	60	44.56	43.49	42.09	42.12	39.19
60.17	80	319.4	60	44.59	43.53	42.11	42.19	39.19
60.06	81	320.4	60	44.58	43.53	42.13	42.3	39.21
60.06	81	321.5	60	44.65	43.52	42.11	42.22	39.24
60.06	81	322.6	60	44.65	43.52	42.14	42.25	39.25
60.13	80	323.6	60	44.68	43.58	42.17	42.27	39.3
59.99	82	324.7	60	44.68	43.58	42.19	42.27	39.31
60.12	80	325.8	60	44.68	43.57	42.16	42.32	39.29
59.97	82	326.8	60	44.65	43.57	42.18	42.31	39.29
60	82	327.9	60	44.68	43.61	42.22	42.38	39.31
59.95	82	329	60	44.68	43.59	42.2	42.28	39.31
60.02	81	330	60	44.72	43.61	42.22	42.29	39.27
59.96	82	331.1	60	44.69	43.65	42.21	42.34	39.34
59.99	82	332.2	60	44.74	43.67	42.24	42.36	39.35
60	82	333.2	60	44.75	43.64	42.27	42.36	39.37
60.02	81	334.3	60	44.75	43.64	42.25	42.4	39.37
59.94	83	335.4	60	44.72	43.63	42.25	42.37	39.36
59.93	83	336.4	60	44.72	43.64	42.28	42.48	39.39
60.05	81	337.5	60	44.7	43.64	42.28	42.43	39.48
59.96	82	338.6	60	44.75	43.7	42.29	42.47	39.48
60.11	80	339.6	60	44.76	43.66	42.31	42.48	39.47
59.94	83	340.7	60	44.73	43.66	42.32	42.49	39.46
60.01	82	341.8	60	44.71	43.71	42.31	42.56	39.45
59.98	82	342.8	60	44.73	43.68	42.3	42.5	39.49
60	82	343.9	60	44.72	43.65	42.33	42.54	39.5
59.89	83	345	60	44.71	43.66	42.31	42.51	39.49
59.95	83	346	60	44.71	43.68	42.3	42.5	39.47
59.94	83	347.1	60	44.7	43.64	42.3	42.52	39.46
60.05	81	348.2	60	44.72	43.67	42.31	42.52	39.49
59.99	82	349.2	60	44.74	43.69	42.35	42.53	39.5
60.03	81	350.3	60	44.73	43.66	42.34	42.59	39.5
60.06	81	351.4	60	44.76	43.69	42.35	42.58	39.51
59.99	82	352.4	60	44.8	43.72	42.35	42.58	39.53
59.99	82	353.5	60	44.79	43.7	42.34	42.62	39.51
60.01	82	354.6	60	44.76	43.68	42.34	42.6	39.54
60.08	81	355.6	60	44.8	43.77	42.38	42.58	39.5
59.97	82	356.7	60	44.82	43.72	42.33	42.52	39.5
60.14	80	357.8	60	44.79	43.77	42.38	42.55	39.54
59.98	82	358.8	60	44.86	43.75	42.38	42.49	39.48
60.01	81	359.9	60	44.8	43.67	42.33	42.45	39.47
59.91	83	361	60	44.75	43.72	42.34	42.49	39.49
59.89	84	362	60	44.78	43.7	42.34	42.49	39.5
60.01	82	363.1	60	44.78	43.7	42.35	42.55	39.51
60.01	82	364.2	60	44.77	43.72	42.34	42.58	39.54
59.91	83	365.2	60	44.78	43.67	42.31	42.57	39.51
59.88	84	366.3	60	44.77	43.7	42.34	42.53	39.55
59.9	84	367.4	60	44.74	43.7	42.36	42.53	39.56
59.89	84	368.4	60	44.74	43.69	42.32	42.52	39.56
60.01	82	369.5	60	44.78	43.73	42.39	42.57	39.6
60.04	82	370.6	60	44.81	43.74	42.44	42.65	39.62
60.01	82	371.6	60	44.82	43.73	42.42	42.61	39.6
59.99	82	372.7	60	44.82	43.77	42.46	42.65	39.63
60.16	80	373.8	60	44.87	43.81	42.46	42.64	39.68
60.05	81	374.8	60	44.87	43.79	42.48	42.66	39.62
60.08	81	375.9	60	44.85	43.77	42.43	42.6	39.62
59.88	84	377	60	44.86	43.81	42.5	42.55	39.61
60.03	82	378	60	44.86	43.77	42.43	42.56	39.57
60.08	81	379.1	60	44.8	43.77	42.4	42.56	39.6
60	82	380.2	60	44.91	43.82	42.43	42.69	39.61
60.1	80	381.2	60	44.81	43.87	42.48	42.74	39.61
60.08	81	382.3	60	44.84	43.85	42.53	42.74	39.68
60.05	81	383.4	60	44.92	43.96	42.47	42.65	39.61
59.95	82	384.4	60	44.95	43.81	42.58	42.65	39.59
60.12	80	385.5	60	44.81	43.92	42.48	42.58	39.64
60.05	81	386.6	60	44.88	43.88	42.52	42.72	39.68
59.93	83	387.6	60	44.98	43.93	42.54	42.69	39.62
60.08	80	388.7	60	45.03	43.9	42.54	42.63	39.74
60.09	80	389.8	60	44.91	43.84	42.56	42.64	39.69
60.1	80	390.8	60	44.96	43.92	42.52	42.69	39.66
60.09	80	391.9	60	44.98	43.93	42.57	42.68	39.7
59.95	82	393	60	44.98	43.93	42.58	42.69	39.67
60	81	394	60	44.99	43.93	42.55	42.72	39.7
60.07	80	395.1	60	45.05	43.97	42.6	42.71	39.69
60.02	81	396.2	60	45.04	43.99	42.59	42.73	39.71
60.1	80	397.2	60	45.07	44.01	42.6	42.74	39.71
59.9	83	398.3	60	45.02	44.01	42.62	42.75	39.75
60.05	80	399.4	60	45	43.98	42.63	42.74	39.76
59.98	82	400.4	60	45.03	44.01	42.64	42.79	39.78
59.88	83	401.5	60	45.05	44.01	42.64	42.77	39.78
59.94	82	402.6	60	45.08	44.01	42.66	42.87	39.84
59.93	83	403.6	60	45.05	44.01	42.65	42.84	39.85
59.94	82	404.7	60	45.09	44.07	42.67	42.86	39.83
59.95	82	405.8	60	45.14	44.04	42.68	42.88	39.83
59.92	83	406.8	60	45.13	44.05	42.69	42.87	39.79
60	82	407.9	60	45.13	44.06	42.69	42.84	39.78
59.94	83	409	60	45.13	44.05	42.69	42.86	39.76
59.9	83	410	60	45.16	44.09	42.73	42.82	39.78
60.07	81	411.1	60	45.14	44.06	42.66	42.83	39.75
59.94	83	412.2	60	45.09	44.04	42.66	42.77	39.82
59.95	83	413.2	60	45.17	44.11	42.68	45.36	39.85
59.9	83	414.3	60	45.12	44.13	42.6	41.81	39.81
59.97	82	415.4	60	45.16	44.12	42.76	43.11	39.82
60.11	80	416.4	60	45.17	44.08	42.72	43.18	39.91
60.04	81	417.5	60	45.16	44.05	42.74	41.81	39.95
59.79	85	418.6	60	45.21	44.15	42.77	42.76	39.98
60.17	79	419.6	60	45.32	44.18	42.8	42.76	39.93
59.99	82	420.7	60	45.23	44.15	42.78	42.78	39.99
59.9	84	421.8	60	45.24	44.12	42.81	44.99	40.01
59.96	83	422.8	60	45.19	44.03	42.75	42.89	40
60	82	423.9	60	45.14	43.96	42.72	42.94	39.96
59.95	83	425	60	45.22	43.97	42.71	42.99	39.98
59.94	83	426	60	45.21	43.99	42.75	42.92	39.99
60.05	81	427.1	60	45.28	43.97	42.76	42.91	40.03
59.99	82	428.2	60	45.2	43.96	42.76	42.93	39.96
60.05	82	429.2	60	45.17	43.91	42.73	42.87	39.96
59.94	83	430.3	60	45.15	43.92	42.72	42.9	39.94
60	82	431.4	60	45.14	43.89	42.72	42.89	39.95
60.03	82	432.4	60	45.16	43.92	42.74	42.94	39.99
60.05	81	433.5	60	45.18	43.93	42.79	42.89	40.03
60.09	81	434.6	60	45.22	44.02	42.78	42.98	40.01
60.01	82	435.6	60	45.19	43.96	42.76	42.92	40.02
59.96	83	436.7	60	45.16	43.92	42.78	42.99	40
59.96	83	437.8	60	45.17	43.94	42.72	43.18	39.98
59.97	83	438.8	60	45.17	43.9	42.69	43.16	40.01
60.01	82	439.9	60	45.17	43.91	42.7	43.15	40.02
59.93	83	441	60	45.21	43.9	42.7	43.27	40.01
59.95	83	442	60	45.2	43.93	42.73	43.27	40.03
59.91	84	443.1	60	45.26	43.92	42.72	42.96	40.01
59.81	85	444.2	60	45.28	43.91	42.73	43.02	40.03
59.99	83	445.2	60	45.27	43.95	42.73	42.82	40.04
60	83	446.3	60	45.28	43.98	42.74	42.74	40.02
60.06	82	447.4	60	45.29	43.98	42.78	42.77	40.02
59.97	83	448.4	60	45.28	44.04	42.79	42.67	40.02
60.03	82	449.5	60	45.29	43.99	42.78	42.66	40.02
60.18	80	450.6	60	45.29	44.03	42.77	42.77	40.01
60.1	81	451.6	60	45.27	43.99	42.77	42.7	40.03
60.12	80	452.7	60	45.28	44.04	42.8	42.7	40.04
60.07	81	453.8	60	45.3	44.07	42.82	42.74	40.07
60.08	81	454.8	60	45.29	44.05	42.84	42.65	40.12
60.08	81	455.9	60	45.28	44.07	42.83	42.77	40.13
60.02	81	457	60	45.29	44.06	42.86	42.71	40.11
60.05	81	458	60	45.29	44.05	42.89	42.66	40.11
60.02	81	459.1	60	45.27	44.06	42.87	42.61	40.12
60.12	80	460.2	60	45.29	44.07	42.9	42.54	40.09
60.06	81	461.2	60	45.24	44.03	42.84	42.36	40.1
60.02	81	462.3	60	45.24	44.05	42.86	42.3	40.1
60.03	81	463.4	60	45.26	44.05	42.85	42.24	40.11
60.11	80	464.4	60	45.24	44.06	42.87	42.22	40.1
60.06	80	465.5	60	45.24	44.06	42.88	42.23	40.12
60.01	81	466.6	60	45.23	44.02	42.85	42.17	40.1
60.05	80	467.6	60	45.2	43.99	42.84	42.18	40.13
60.03	81	468.7	60	45.18	43.98	42.82	42.13	40.13
60.03	81	469.8	60	45.2	43.98	42.84	42.18	40.13
59.97	81	470.8	60	45.2	43.99	42.84	42.22	40.16
60.02	81	471.9	60	45.2	43.99	42.83	42.17	40.17
60	81	473	60	45.19	43.97	42.83	42.16	40.19
60.06	80	474	60	45.17	43.97	42.83	42.11	40.17
59.97	82	475.1	60	45.17	43.96	42.82	42.11	40.18
60.04	80	476.2	60	45.17	43.92	42.82	42.12	40.2
59.99	81	477.2	60	45.13	43.92	42.79	42.1	40.18
60	81	478.3	60	45.13	43.91	42.79	42.12	40.19
60.02	81	479.4	60	45.15	43.94	42.82	42.11	40.17
59.99	81	480.4	60	45.12	43.92	42.8	42.09	40.15
59.95	82	481.5	60	45.12	43.95	42.8	42.08	40.14
59.99	81	482.6	60	45.13	43.92	42.79	42.08	40.14
59.97	82	483.6	60	45.16	43.97	42.82	42.16	40.18
60.02	81	484.7	60	45.17	43.99	42.85	42.16	40.16
60	81	485.8	60	45.18	43.98	42.84	42.2	40.2
59.95	82	486.8	60	45.19	43.98	42.83	42.2	40.19
59.98	81	487.9	60	45.13	43.95	42.79	42.17	40.16
60.01	81	489	60	45.16	43.96	42.82	42.16	40.16
59.97	82	490	60	45.16	43.98	42.81	42.17	40.2
60	81	491.1	60	45.15	44	42.82	42.16	40.21
59.94	82	492.2	60	45.2	44.04	42.87	42.19	40.22
59.99	81	493.2	60	45.17	44.01	42.86	42.21	40.22
59.96	82	494.3	60	45.18	44.02	42.86	42.26	40.24
60.05	81	495.4	60	45.12	43.98	42.83	42.23	40.23
60.03	81	496.4	60	45.16	43.96	42.85	42.23	40.23
60.02	81	497.5	60	45.12	43.96	42.85	42.17	40.25
60	81	498.6	60	45.14	43.95	42.86	42.17	40.24
59.98	81	499.6	60	45.11	43.92	42.83	42.17	40.26
60.04	81	500.7	60	45.1	43.93	42.82	42.11	40.24
59.96	82	501.8	60	45.08	43.89	42.8	42.07	40.22
60.02	81	502.8	60	45.08	43.88	42.78	42.03	40.19
60.09	80	503.9	60	45.05	43.87	42.77	42.01	40.17
60.02	81	505	60	45.05	43.86	42.74	41.99	40.16
59.99	81	506	60	45.02	43.83	42.72	41.94	40.14
59.93	82	507.1	60	45.04	43.83	42.71	41.92	40.12
59.97	82	508.2	60	45.04	43.84	42.71	41.95	40.12
59.9	83	509.2	60	45.06	43.85	42.71	41.99	40.12
60.01	81	510.3	60	45.06	43.86	42.72	42	40.16
59.97	82	511.4	60	45.07	43.89	42.77	42.01	40.13
59.98	82	512.4	60	45.07	43.89	42.75	42.04	40.12
59.98	82	513.5	60	45.07	43.9	42.77	42.04	40.16
59.92	83	514.6	60	45.08	43.93	42.78	42.04	40.15
59.97	82	515.6	60	45.09	43.91	42.76	42.01	40.14
60	82	516.7	60	45.07	43.89	42.76	42.01	40.14
59.98	82	517.8	60	45.04	43.85	42.74	42	40.11
59.97	82	518.8	60	45.01	43.85	42.7	41.96	40.1
60.03	81	519.9	60	45.02	43.83	42.69	41.95	40.09
60.01	81	521	60	45.05	43.85	42.71	41.99	40.14
60.02	81	522	60	45.06	43.87	42.77	42.04	40.17
59.94	82	523.1	60	45.05	43.88	42.76	42.06	40.2
60.06	81	524.2	60	45.04	43.87	42.78	42.08	40.18
59.95	82	525.2	60	45.06	43.9	42.79	42.08	40.21
60	81	526.3	60	45.04	43.88	42.77	42.08	40.17
59.96	82	527.4	60	45.07	43.88	42.77	42.1	40.19
60.03	81	528.4	60	45.04	43.85	42.72	42.09	40.16
59.97	82	529.5	60	45.05	43.88	42.74	42.08	40.17
59.97	82	530.6	60	45.05	43.89	42.75	42.08	40.2
60.02	81	531.6	60	45.03	43.87	42.73	42.09	40.18
59.78	85	532.7	60	45.11	43.95	42.72	42.07	40.21
60	82	533.8	60	45.08	43.89	42.76	42.11	40.2
59.91	83	534.8	60	45.11	43.87	42.75	42.06	40.19
60.01	82	535.9	60	45.1	43.87	42.7	42.06	40.19
59.86	84	537	60	44.95	43.85	42.71	42.04	40.09
59.87	84	538	60	45.01	43.99	42.7	42.14	40.1
60.05	82	539.1	60	45.08	43.92	42.79	42.04	40.16
59.97	83	540.2	60	45.07	43.88	42.77	42.06	40.2
60.01	82	541.2	60	45.15	43.82	42.75	42.02	40.19
60.01	82	542.3	60	45.06	43.96	42.79	42.03	40.21
59.99	82	543.4	60	45.14	43.87	42.72	42.06	40.12
60.14	80	544.4	60	45.09	43.85	42.73	42.08	40.2
60.22	78	545.5	60	45.17	43.87	42.87	42.03	40.32
60.15	79	546.6	60	45.16	43.87	42.86	42.05	40.23
60.02	81	547.6	60	45.1	43.92	42.79	42.16	40.3
60.03	81	548.7	60	45.08	43.84	42.84	42.17	40.28
60.1	80	549.8	60	45.13	43.95	42.85	42.11	40.22
60.1	80	550.8	60	45.06	43.91	42.8	42.11	40.25
60.07	80	551.9	60	45.12	43.92	42.81	42.07	40.22
60.07	80	553	60	45.09	43.92	42.82	42.12	40.22
60.06	80	554	60	45.1	43.96	42.8	42.07	40.18
60.07	80	555.1	60	45.11	43.94	42.78	42.05	40.2
59.97	81	556.2	60	45.1	43.95	42.79	42.04	40.18
59.98	81	557.2	60	45.1	43.94	42.8	42.05	40.22
60.08	80	558.3	60	45.11	43.98	42.82	42.06	40.24
59.98	81	559.4	60	45.12	43.97	42.83	42.09	40.22
60	81	560.4	60	45.11	43.97	42.85	42.08	40.24
59.97	82	561.5	60	45.14	43.93	42.81	42.06	40.26
59.99	81	562.6	60	45.11	43.94	42.8	42.04	40.23
59.94	82	563.6	60	45.07	43.92	42.84	42.04	40.25
60.03	81	564.7	60	45.09	43.94	42.79	42.04	40.21
60.02	81	565.8	60	45.1	43.95	42.8	42.05	40.24
60.02	81	566.8	60	45.1	43.91	42.81	42.03	40.25
59.9	83	567.9	60	45.09	43.96	42.81	42.01	40.24
59.95	82	569	60	45.11	43.92	42.81	42.06	40.23
59.9	83	570	60	45.11	43.96	42.83	42.08	40.26
60.01	81	571.1	60	45.16	43.96	42.84	42.12	40.28
59.87	83	572.2	60	45.17	43.98	42.87	42.14	40.26
60.04	81	573.2	60	45.12	43.98	42.86	42.14	40.28
59.93	83	574.3	60	45.08	43.97	42.83	42.2	40.34
60.1	80	575.4	60	45.12	43.94	42.85	42.2	40.32
59.97	82	576.4	60	45.1	43.93	42.86	42.18	40.32
59.99	82	577.5	60	45.12	43.88	42.84	42.2	40.3
59.96	82	578.6	60	45.08	43.91	42.84	42.23	40.3
60.07	80	579.6	60	45.08	43.9	42.82	42.18	40.3
59.99	82	580.7	60	45.1	43.93	42.82	42.17	40.3
60.02	81	581.8	60	45.08	43.94	42.82	42.16	40.28
60.11	80	582.8	60	45.05	43.92	42.84	42.15	40.29
60.04	81	583.9	60	45.09	43.91	42.82	42.14	40.28
60.15	79	585	60	45.12	43.92	42.8	42.14	40.31
60.09	80	586	60	45.14	43.92	42.82	42.15	40.3
60.02	81	587.1	60	45.12	43.99	42.83	42.17	40.35
60.09	80	588.2	60	45.17	43.98	42.89	42.24	40.34
60.05	80	589.2	60	45.18	44	42.89	42.26	40.37
60.04	80	590.3	60	45.19	44.01	42.89	42.31	40.39
60.06	80	591.4	60	45.19	43.97	42.87	42.29	40.38
59.99	81	592.4	60	45.16	43.97	42.86	42.27	40.37
59.95	81	593.5	60	45.13	43.95	42.88	42.26	40.35
59.92	82	594.6	60	45.16	43.98	42.91	42.27	40.38
59.95	82	595.6	60	45.15	44.01	42.89	42.29	40.37
59.93	82	596.7	60	45.18	43.98	42.9	42.34	40.35
59.98	81	597.8	60	45.17	44.01	42.91	42.35	40.35
59.95	82	598.8	60	45.17	43.98	42.9	42.34	40.35
59.98	81	599.9	60	45.15	43.97	42.86	42.32	40.34
59.99	81	601	60	45.14	43.96	42.89	42.31	40.33
60.04	80	602	60	45.1	43.97	42.88	42.33	40.36
59.96	82	603.1	60	45.09	43.97	42.88	42.29	40.35
59.98	81	604.2	60	45.12	43.95	42.85	42.3	40.33
60.02	81	605.2	60	45.1	43.9	42.85	42.3	40.33
59.98	81	606.3	60	45.09	43.89	42.83	42.3	40.32
60.03	81	607.4	60	45.08	43.91	42.86	42.28	40.33
59.96	82	608.4	60	45.06	43.89	42.84	42.25	40.33
59.99	81	609.5	60	45.08	43.93	42.84	42.3	40.35
59.98	81	610.6	60	45.09	43.92	42.84	42.38	40.33
60	81	611.6	60	45.07	43.93	42.81	42.38	40.34
60.07	80	612.7	60	45.06	43.92	42.81	42.36	40.32
59.98	81	613.8	60	45.05	43.92	42.86	42.35	40.32
59.99	81	614.8	60	45.09	43.93	42.85	42.41	40.34
60.05	80	615.9	60	45.09	43.96	42.82	42.44	40.35
59.93	82	617	60	45.1	43.94	42.87	42.51	40.36
60	81	618	60	45.09	43.95	42.88	42.45	40.36
60	81	619.1	60	45.13	43.93	42.86	42.48	40.38
59.86	83	620.2	60	45.1	43.95	42.87	42.47	40.34
59.94	82	621.2	60	45.13	43.93	42.84	42.4	40.34
59.99	82	622.3	60	45.09	43.9	42.8	42.4	40.33
59.92	83	623.4	60	45.08	43.94	42.82	42.46	40.3
59.95	82	624.4	60	45.1	43.95	42.82	42.5	40.34
59.99	82	625.5	60	45.13	43.97	42.82	42.51	40.32
59.91	83	626.6	60	45.18	44.01	42.85	42.58	40.32
60.06	81	627.6	60	45.18	43.99	42.87	42.59	40.35
60.01	81	628.7	60	45.17	44.01	42.88	42.59	40.38
59.97	82	629.8	60	45.15	43.98	42.87	42.68	40.36
60	82	630.8	60	45.11	43.94	42.86	42.74	40.37
60.08	80	631.9	60	45.13	43.95	42.87	42.69	40.38
60.07	80	633	60	45.11	43.98	42.86	42.69	40.36
60.05	81	634	60	45.12	43.96	42.88	42.75	40.37
60.03	81	635.1	60	45.13	43.96	42.87	42.75	40.37
60.11	79	636.2	60	45.13	44.01	42.86	42.75	40.35
60.03	81	637.2	60	45.15	43.98	42.87	42.77	40.35
60.09	80	638.3	60	45.16	43.99	42.88	42.78	40.34
60.01	81	639.4	60	45.15	43.99	42.87	42.79	40.37
60.09	80	640.4	60	45.17	44.03	42.9	42.78	40.37
60.03	80	641.5	60	45.16	44	42.9	42.83	40.37
60.04	80	642.6	60	45.16	43.98	42.87	42.86	40.4
59.88	83	643.6	60	45.16	43.99	42.89	42.87	40.41
60.05	80	644.7	60	45.19	44.01	42.92	42.93	40.42
60.01	81	645.8	60	45.19	44.02	42.91	42.94	40.42
59.96	82	646.8	60	45.19	44	42.92	42.91	40.42
59.87	83	647.9	60	45.17	43.97	42.89	42.86	40.44
59.96	82	649	60	45.14	43.99	42.91	42.98	40.44
60	81	650	60	45.14	44	42.94	43	40.41
59.97	82	651.1	60	45.14	44	42.91	42.98	40.39
60.04	81	652.2	60	45.11	43.99	42.88	43.06	40.37
60	81	653.2	60	45.13	44	42.93	43.08	40.39
60.05	80	654.3	60	45.18	44.04	42.92	43.11	40.39
60.11	79	655.4	60	45.16	44.03	42.91	43.07	40.38
60.05	80	656.4	60	45.18	44.02	42.93	43.17	40.38
60.01	81	657.5	60	45.15	43.99	42.88	43.22	40.38
60.01	81	658.6	60	45.17	44.02	42.92	43.08	40.39
59.96	81	659.6	60	45.19	44.03	42.88	43.12	40.37
59.97	81	660.7	60	45.16	44.04	42.88	43.2	40.36
59.9	83	661.8	60	45.17	44.02	42.91	43.22	40.38
60	81	662.8	60	45.16	44.02	42.9	43.24	40.36
60.03	81	663.9	60	45.16	44.02	42.88	43.15	40.36
59.99	81	665	60	45.17	44.02	42.88	43.15	40.33
59.91	82	666	60	45.2	44.01	42.88	43.17	40.33
59.92	82	667.1	60	45.17	43.99	42.88	43.12	40.34
60.04	81	668.2	60	45.15	44.02	42.87	43.14	40.32
60.01	81	669.2	60	45.16	44.02	42.86	43.25	40.34
59.99	81	670.3	60	45.18	43.98	42.86	43.24	40.34
60.01	81	671.4	60	45.15	43.98	42.86	43.35	40.33
59.97	82	672.4	60	45.18	43.96	42.86	43.33	40.35
60.01	81	673.5	60	45.15	44	42.91	43.38	40.34
59.99	81	674.6	60	45.19	44	42.88	43.45	40.35
60	81	675.6	60	45.19	44.02	42.91	43.39	40.35
59.95	82	676.7	60	45.18	44.04	42.88	43.55	40.37
59.96	82	677.8	60	45.19	44.05	42.91	43.5	40.38
60.04	81	678.8	60	45.19	44.09	42.92	43.44	40.41
59.98	82	679.9	60	45.23	44.1	42.95	43.17	40.43
59.97	82	681	60	45.27	44.11	42.96	43.49	40.44
59.96	82	682	60	45.22	44.07	42.96	43.51	40.42
59.97	82	683.1	60	45.21	44.06	42.97	43.49	40.45
59.97	82	684.2	60	45.23	44.07	42.95	43.44	40.44
60	81	685.2	60	45.22	44.06	42.96	43.38	40.45
59.96	82	686.3	60	45.22	44.06	42.96	43.51	40.45
60.02	81	687.4	60	45.21	44.06	42.97	43.48	40.45
59.98	82	688.4	60	45.26	44.08	42.97	43.43	40.46
59.94	82	689.5	60	45.22	44.04	42.95	43.55	40.44
59.9	83	690.6	60	45.23	44.04	42.95	43.56	40.45
60.02	81	691.6	60	45.25	44.02	42.96	43.53	40.42
59.99	82	692.7	60	45.22	44.02	42.97	43.59	40.45
60.01	81	693.8	60	45.19	44.02	42.94	43.51	40.42
60.06	81	694.8	60	45.18	43.99	42.95	43.63	40.44
60	81	695.9	60	45.21	44.05	42.96	43.66	40.46
60.01	81	697	60	45.2	44.04	42.94	43.58	40.4
60.01	81	698	60	45.19	44.05	42.94	43.62	40.42
60.04	81	699.1	60	45.24	44.04	42.95	43.51	40.41
60	82	700.2	60	45.22	44.08	42.95	43.46	40.41
60.06	81	701.2	60	45.25	44.1	42.96	43.47	40.44
59.98	82	702.3	60	45.3	44.1	43.01	43.46	40.43
60.03	81	703.4	60	45.27	44.15	43.01	43.44	40.44
59.99	82	704.4	60	45.3	44.16	43.02	43.45	40.43
60.02	81	705.5	60	45.29	44.12	42.99	43.41	40.45
59.99	82	706.6	60	45.27	44.13	43	43.45	40.44
60.04	81	707.6	60	45.26	44.14	43	43.42	40.46
59.96	82	708.7	60	45.33	44.17	43.03	43.54	40.48
59.98	82	709.8	60	45.29	44.17	43.03	43.52	40.46
60.06	81	710.8	60	45.31	44.15	43.03	43.31	40.51
60.02	81	711.9	60	45.3	44.14	43.05	43.31	40.48
59.99	82	713	60	45.29	44.16	43.02	43.29	40.5
59.95	82	714	60	45.29	44.11	43.01	43.24	40.48
60.03	81	715.1	60	45.27	44.09	42.96	43.22	40.46
60.01	81	716.2	60	45.3	44.12	43.01	43.44	40.47
59.96	82	717.2	60	45.31	44.16	43	43.53	40.51
60.01	81	718.3	60	45.32	44.17	43.02	43.6	40.51
60.04	81	719.4	60	45.37	44.19	43.04	43.68	40.54
60.05	81	720.4	60	45.34	44.15	43.03	43.73	40.53
60.04	81	721.5	60	45.29	44.17	43.05	43.68	40.49
60.02	81	722.6	60	45.33	44.18	43.07	43.69	40.49
60.03	81	723.7	60	45.34	44.19	43.09	43.65	40.52
59.93	82	724.7	60	45.35	44.18	43.06	43.71	40.53
60.02	81	725.8	60	45.35	44.2	43.07	43.73	40.52
59.97	82	726.8	60	45.38	44.24	43.08	43.72	40.55
59.9	83	727.9	60	45.4	44.24	43.12	43.73	40.59
59.98	82	729	60	45.4	44.25	43.11	43.83	40.58
59.99	82	730	60	45.4	44.24	43.11	43.79	40.59
60.02	81	731.1	60	45.38	44.23	43.09	43.69	40.57
60.04	81	732.2	60	45.39	44.24	43.09	43.67	40.57
60.07	80	733.2	60	45.4	44.26	43.12	43.65	40.58
60.08	80	734.3	60	45.42	44.25	43.14	43.73	40.54
59.97	82	735.4	60	45.37	44.26	43.14	43.46	40.57
59.94	82	736.5	60	45.4	44.24	43.14	43.6	40.55
59.91	83	737.5	60	45.42	44.24	43.15	43.58	40.56
60.04	81	738.6	60	45.45	44.25	43.14	43.47	40.58
60.09	80	739.7	60	45.43	44.26	43.13	43.52	40.59
60.01	81	740.7	60	45.44	44.29	43.15	43.46	40.59
59.95	82	741.8	60	45.44	44.25	43.13	43.49	40.57
60.01	81	742.9	60	45.42	44.22	43.14	43.5	40.58
60	81	743.9	60	45.41	44.23	43.1	43.57	40.58
60.06	80	745	60	45.42	44.2	43.12	43.49	40.57
59.99	81	746.1	60	45.39	44.18	43.08	43.34	40.57
60	81	747.1	60	45.38	44.23	43.11	43.31	40.57
59.93	82	748.2	60	45.4	44.23	43.09	43.25	40.56
60.06	80	749.3	60	45.4	44.26	43.12	43.36	40.56
60.01	81	750.3	60	45.43	44.28	43.13	43.33	40.6
60	81	751.4	60	45.43	44.31	43.18	43.36	40.61
60	81	752.5	60	45.44	44.26	43.16	43.4	40.63
59.97	82	753.5	60	45.44	44.27	43.13	43.39	40.59
60.01	81	754.6	60	45.43	44.23	43.13	43.36	40.61
59.95	82	755.7	60	45.4	44.26	43.12	43.37	40.6
59.99	81	756.7	60	45.43	44.23	43.13	43.32	40.61
59.97	82	757.8	60	45.42	44.26	43.13	43.35	40.61
59.85	84	758.9	60	45.44	44.24	43.12	43.37	40.61
59.94	82	759.9	60	45.44	44.21	43.13	43.33	40.61
60.06	81	761	60	45.4	44.24	43.13	43.36	40.64
59.96	82	762.1	60	45.4	44.23	43.15	43.5	40.65
60.06	81	763.1	60	45.44	44.24	43.14	43.48	40.67
60.01	81	764.2	60	45.46	44.26	43.14	43.59	40.7
60.02	81	765.3	60	45.36	44.23	43.12	43.51	40.63
60.04	81	766.3	60	45.37	44.28	43.15	43.34	40.53
60.1	80	767.4	60	45.34	44.3	43.15	43.08	40.69
59.93	82	768.5	60	45.32	44.39	43.13	43.53	40.77
60.14	79	769.5	60	45.42	44.38	43.23	43.29	40.56
60.1	80	770.6	60	45.48	44.28	43.23	43.17	40.66
59.92	82	771.7	60	45.52	44.48	43.3	43.23	40.65
60.11	79	772.7	60	45.46	44.35	43.21	43.29	40.61
59.93	82	773.8	60	45.48	44.39	43.17	43.36	40.64
60.02	81	774.9	60	45.57	44.28	43.24	43.28	40.72
60.07	80	775.9	60	45.57	44.35	43.1	43.32	40.63
60.05	80	777	60	45.46	44.29	43.16	43.32	40.62
60.08	80	778.1	60	45.46	44.26	43.21	43.25	40.64
59.86	83	779.1	60	45.45	44.3	43.11	43.28	40.62
60.04	80	780.2	60	45.46	44.27	43.21	43.28	40.65
59.93	82	781.3	60	45.42	44.35	43.26	43.28	40.68
60.1	79	782.3	60	45.5	44.34	43.2	43.36	40.69
60.06	80	783.4	60	45.5	44.32	43.22	43.37	40.71
59.99	81	784.5	60	45.51	44.31	43.2	43.18	40.68
60.11	79	785.5	60	45.52	44.28	43.21	43.15	40.68
59.92	82	786.6	60	45.49	44.31	43.22	43.14	40.67
59.88	83	787.7	60	45.47	44.33	43.19	43.21	40.66
60.04	80	788.7	60	45.48	44.35	43.2	43.16	40.67
59.92	82	789.8	60	45.55	44.36	43.24	43.16	40.69
59.97	81	790.9	60	45.54	44.4	43.25	43.18	40.65
59.9	83	791.9	60	45.55	44.4	43.24	43.18	40.67
59.93	82	793	60	45.6	44.39	43.25	43.26	40.7
59.96	82	794.1	60	45.55	44.38	43.26	43.31	40.71
59.99	82	795.1	60	45.57	44.41	43.23	43.39	40.73
59.94	82	796.2	60	45.57	44.37	43.26	43.45	40.71
60.02	81	797.3	60	45.59	44.36	43.26	43.47	40.71
60.01	81	798.3	60	45.57	44.38	43.25	43.51	40.71
60.02	81	799.4	60	45.59	44.4	43.26	43.46	40.7
59.93	83	800.5	60	45.62	44.45	43.26	43.45	40.72
60.02	81	801.5	60	45.61	44.42	43.27	43.43	40.71
60	81	802.6	60	45.54	44.43	43.27	43.32	40.72
60.02	81	803.7	60	45.58	44.37	43.26	43.37	40.72
60.01	81	804.7	60	45.56	44.34	43.26	43.36	40.72
59.99	81	805.8	60	45.54	44.4	43.26	43.35	40.72
59.97	82	806.9	60	45.58	44.38	43.25	43.35	40.72
59.93	83	807.9	60	45.58	44.39	43.26	43.33	40.72
59.98	82	809	60	45.56	44.41	43.26	43.34	40.72
59.96	82	810.1	60	45.56	44.39	43.25	43.35	40.74
59.98	82	811.1	60	45.55	44.41	43.28	43.34	40.72
60.01	81	812.2	60	45.58	44.4	43.28	43.35	40.71
59.95	82	813.3	60	45.62	44.4	43.29	43.39	40.69
59.95	82	814.3	60	45.64	44.43	43.26	43.35	40.7
59.98	82	815.4	60	45.62	44.45	43.31	43.31	40.72
60.03	81	816.5	60	45.64	44.47	43.3	43.33	40.74
60	82	817.5	60	45.61	44.45	43.31	43.46	40.75
59.99	82	818.6	60	45.62	44.45	43.3	43.38	40.73
60.04	81	819.7	60	45.65	44.43	43.3	43.35	40.76
60.08	80	820.7	60	45.63	44.44	43.33	43.38	40.73
60.02	81	821.8	60	45.66	44.45	43.29	43.41	40.76
60.02	81	822.9	60	45.66	44.45	43.32	43.39	40.78
59.98	82	823.9	60	45.66	44.48	43.32	43.41	40.79
60.03	81	825	60	45.66	44.45	43.32	43.41	40.77
60.03	81	826.1	60	45.68	44.46	43.33	43.43	40.77
59.96	82	827.1	60	45.67	44.46	43.31	43.52	40.76
60.05	81	828.2	60	45.66	44.45	43.33	43.46	40.77
59.97	82	829.3	60	45.66	44.48	43.35	43.48	40.77
59.99	82	830.3	60	45.69	44.5	43.35	43.5	40.77
60	81	831.4	60	45.67	44.49	43.36	43.48	40.77
60.05	81	832.5	60	45.67	44.48	43.33	43.45	40.78
60	81	833.5	60	45.65	44.46	43.34	43.37	40.75
59.99	82	834.6	60	45.67	44.49	43.32	43.39	40.75
59.98	82	835.7	60	45.65	44.49	43.32	43.4	40.78
60.03	81	836.7	60	45.66	44.51	43.38	43.5	40.78
60.01	81	837.8	60	45.69	44.5	43.37	43.52	40.8
60.03	81	838.9	60	45.68	44.48	43.38	43.51	40.81
59.98	82	839.9	60	45.68	44.47	43.33	43.51	40.8
60.07	80	841	60	45.66	44.46	43.34	43.48	40.81
60.07	80	842.1	60	45.66	44.45	43.32	43.46	40.8
60	81	843.1	60	45.67	44.46	43.33	43.51	40.78
59.94	82	844.2	60	45.7	44.47	43.33	43.51	40.79
60.08	80	845.3	60	45.68	44.48	43.37	43.53	40.84
59.84	84	846.3	60	45.65	44.47	43.35	43.6	40.78
60.04	81	847.4	60	45.74	44.5	43.38	43.66	40.74
60.01	81	848.5	60	45.76	44.54	43.42	43.55	40.79
59.94	82	849.5	60	45.72	44.53	43.4	43.6	40.81
59.92	83	850.6	60	45.76	44.55	43.41	43.59	40.81
60	81	851.7	60	45.75	44.53	43.44	43.6	40.85
59.99	82	852.7	60	45.76	44.53	43.43	43.56	40.83
60.04	81	853.8	60	45.75	44.49	43.38	43.46	40.81
60	81	854.9	60	45.71	44.49	43.35	43.43	40.8
60.04	81	855.9	60	45.68	44.5	43.35	43.44	40.79
60.01	81	857	60	45.68	44.47	43.33	43.37	40.78
60.03	81	858.1	60	45.69	44.49	43.34	43.38	40.77
60.04	81	859.1	60	45.68	44.48	43.35	43.35	40.79
60.02	81	860.2	60	45.71	44.52	43.37	43.36	40.77
60.06	80	861.3	60	45.71	44.53	43.38	43.39	40.79
60.01	81	862.3	60	45.71	44.52	43.42	43.41	40.82
59.96	82	863.4	60	45.73	44.55	43.42	43.46	40.87
60.05	80	864.5	60	45.74	44.56	43.43	43.5	40.88
60.06	80	865.5	60	45.77	44.57	43.44	43.52	40.9
60.07	80	866.6	60	45.76	44.55	43.44	43.56	40.86
60.07	80	867.7	60	45.75	44.55	43.44	43.56	40.87
59.99	81	868.7	60	45.73	44.55	43.42	43.55	40.89
59.98	81	869.8	60	45.75	44.54	43.46	43.58	40.87
60.04	80	870.9	60	45.72	44.54	43.43	43.55	40.86
60.05	80	871.9	60	45.69	44.52	43.44	43.55	40.84
59.9	82	873	60	45.71	44.49	43.43	43.53	40.85
59.93	82	874.1	60	45.73	44.52	43.41	43.5	40.85
59.94	82	875.1	60	45.71	44.53	43.41	43.52	40.87
60	81	876.2	60	45.76	44.53	43.43	43.53	40.88
59.99	81	877.3	60	45.76	44.54	43.42	43.52	40.88
60.04	81	878.3	60	45.75	44.54	43.43	43.51	40.9
59.96	82	879.4	60	45.75	44.55	43.42	43.57	40.87
59.99	81	880.5	60	45.75	44.54	43.43	43.6	40.89
60.03	81	881.5	60	45.74	44.54	43.44	43.59	40.9
59.95	82	882.6	60	45.74	44.56	43.42	43.55	40.9
59.89	83	883.7	60	45.72	44.51	43.43	43.54	40.88
60.07	80	884.7	60	45.74	44.47	43.42	43.5	40.85
60.07	80	885.8	60	45.72	44.49	43.4	43.51	40.84
60.06	80	886.9	60	45.71	44.51	43.41	43.53	40.82
60.03	81	887.9	60	45.7	44.52	43.39	43.48	40.86
60.06	80	889	60	45.71	44.51	43.42	43.52	40.86
60	81	890.1	60	45.74	44.51	43.41	43.51	40.85
60.01	81	891.1	60	45.74	44.53	43.41	43.51	40.86
60.01	81	892.2	60	45.76	44.56	43.43	43.54	40.88
60	81	893.3	60	45.74	44.58	43.46	43.6	40.91
60.01	81	894.3	60	45.77	44.58	43.46	43.58	40.9
60.01	81	895.4	60	45.78	44.56	43.44	43.57	40.89
60.05	80	896.5	60	45.78	44.56	43.44	43.64	40.9
59.96	81	897.5	60	45.71	44.52	43.44	43.58	40.87
60.05	80	898.6	60	45.75	44.56	43.42	43.54	40.88
59.92	82	899.7	60	45.74	44.55	43.46	43.51	40.89
59.96	82	900.7	60	45.78	44.57	43.45	43.58	40.9
59.94	82	901.8	60	45.73	44.59	43.46	43.62	40.92
60	81	902.9	60	45.81	44.56	43.46	43.58	40.88
59.97	82	903.9	60	45.82	44.62	43.46	43.61	40.92
59.94	82	905	60	45.83	44.6	43.54	43.58	40.91
60.05	80	906.1	60	45.78	44.63	43.53	43.61	40.88
60.07	80	907.1	60	45.78	44.69	43.5	43.7	40.91
60.01	81	908.2	60	45.84	44.62	43.51	43.74	40.94
59.88	83	909.3	60	45.77	44.67	43.53	43.75	40.91
60.07	80	910.3	60	45.87	44.71	43.52	43.76	40.94
60.07	80	911.4	60	45.87	44.6	43.55	43.78	40.94
60.06	80	912.5	60	45.85	44.64	43.51	43.78	40.93
60	81	913.5	60	45.8	44.61	43.51	43.78	40.94
60	81	914.6	60	45.87	44.65	43.55	43.75	40.91
60.06	80	915.7	60	45.86	44.68	43.56	43.66	40.93
59.97	81	916.7	60	45.84	44.65	43.49	43.74	40.91
60.06	80	917.8	60	45.9	44.66	43.54	43.78	40.94
59.94	82	918.9	60	45.86	44.69	43.54	43.75	40.95
60.14	79	919.9	60	45.91	44.68	43.57	43.76	40.99
60.02	80	921	60	45.89	44.68	43.58	43.77	40.96
59.97	81	922.1	60	45.89	44.68	43.53	43.78	40.97
59.99	81	923.1	60	45.86	44.63	43.54	43.79	41
59.98	81	924.2	60	45.81	44.66	43.52	43.8	40.98
60.08	80	925.3	60	45.86	44.65	43.51	43.75	40.95
59.93	82	926.3	60	45.84	44.6	43.52	43.66	40.98
59.91	82	927.4	60	45.79	44.62	43.5	43.75	41.01
59.98	81	928.5	60	45.8	44.64	43.52	43.69	40.98
59.91	82	929.5	60	45.8	44.64	43.49	43.55	40.96
59.99	81	930.6	60	45.83	44.6	43.53	43.72	40.95
59.92	82	931.7	60	45.84	44.65	43.51	43.65	40.97
59.85	84	932.7	60	45.88	44.69	43.54	43.67	40.96
59.9	83	933.8	60	45.89	44.69	43.53	43.53	40.99
59.95	82	934.9	60	45.9	44.72	43.57	43.59	41
59.97	82	935.9	60	45.89	44.69	43.56	43.57	41.02
60.04	81	937	60	45.89	44.66	43.54	43.57	40.99
59.94	82	938.1	60	45.87	44.64	43.54	43.55	41
60	82	939.1	60	45.84	44.61	43.52	43.5	40.98
60.1	80	940.2	60	45.83	44.67	43.56	43.52	40.98
60.02	81	941.3	60	45.85	44.67	43.54	43.51	40.97
60.1	80	942.3	60	45.87	44.68	43.54	43.51	41
60.01	81	943.4	60	45.89	44.69	43.56	43.51	40.98
60.06	80	944.5	60	45.88	44.65	43.58	43.45	41
60.03	81	945.5	60	45.86	44.65	43.55	43.47	40.99
60.05	80	946.6	60	45.9	44.7	43.6	43.5	41.03
60.09	80	947.7	60	45.92	44.72	43.61	43.49	41.04
60.12	79	948.7	60	45.92	44.76	43.62	43.55	41.04
60.07	80	949.8	60	45.92	44.75	43.61	43.56	41.08
60.01	81	950.9	60	45.95	44.73	43.57	43.57	41.07
59.97	81	951.9	60	45.9	44.72	43.6	43.53	41.08
59.89	83	953	60	45.97	44.72	43.61	43.6	41.09
60.01	81	954.1	60	45.95	44.78	43.63	43.59	41.09
60.11	79	955.1	60	45.96	44.76	43.63	43.61	41.08
59.88	83	956.2	60	45.96	44.78	43.67	43.57	41.08
59.99	81	957.3	60	45.95	44.72	43.63	43.61	41.06
60.02	81	958.3	60	45.92	44.71	43.54	43.59	41.04
60.05	80	959.4	60	45.88	44.7	43.6	43.59	41.03
59.9	82	960.5	60	45.91	44.75	43.61	43.58	41.05
59.92	82	961.5	60	45.93	44.76	43.63	43.56	41.03
59.98	81	962.6	60	45.95	44.79	43.63	43.54	41.03
60.08	80	963.7	60	45.94	44.77	43.62	43.59	41.05
60.06	80	964.7	60	45.96	44.77	43.64	43.59	41.07
60.03	80	965.8	60	45.97	44.77	43.66	43.64	41.07
60.02	81	966.9	60	45.94	44.77	43.63	43.65	41.08
59.96	82	967.9	60	45.93	44.73	43.63	43.64	41.09
59.94	82	969	60	45.94	44.69	43.6	43.58	41.08
59.93	82	970.1	60	45.9	44.73	43.6	43.62	41.11
59.99	81	971.1	60	45.89	44.71	43.61	43.57	41.09
60	81	972.2	60	45.91	44.7	43.6	43.77	41.1
60.01	81	973.3	60	45.9	44.67	43.6	43.76	41.08
59.94	82	974.3	60	45.88	44.68	43.59	43.79	41.09
59.99	81	975.4	60	45.88	44.68	43.62	43.77	41.06
60.02	81	976.5	60	45.86	44.67	43.55	43.66	41.02
60.01	81	977.5	60	45.85	44.68	43.61	43.68	41.02
59.98	81	978.6	60	45.88	44.67	43.56	43.61	40.98
59.97	82	979.7	60	45.87	44.71	43.58	43.56	41.01
59.96	82	980.7	60	45.92	44.72	43.61	43.6	41
60.03	81	981.8	60	45.93	44.75	43.63	43.6	41.07
60.06	80	982.9	60	45.96	44.74	43.66	43.55	41.05
59.97	82	983.9	60	45.97	44.78	43.67	43.51	41.08
60.01	81	985	60	45.97	44.75	43.65	43.61	41.08
60.02	81	986.1	60	45.97	44.81	43.65	43.57	41.11
59.96	82	987.1	60	45.98	44.78	43.65	43.56	41.1
59.99	81	988.2	60	45.98	44.77	43.65	43.5	41.06
60.03	81	989.3	60	45.98	44.77	43.65	43.53	41.07
60.05	80	990.3	60	45.99	44.8	43.65	43.51	41.09
60.08	80	991.4	60	46	44.77	43.68	43.65	41.07
60.01	81	992.5	60	45.97	44.77	43.64	43.61	41.07
60.04	80	993.5	60	45.98	44.81	43.66	43.63	41.07
60.1	79	994.6	60	45.97	44.78	43.63	43.66	41.07
59.96	81	995.7	60	46.01	44.82	43.66	43.69	41.12
60.05	80	996.7	60	45.98	44.8	43.69	43.68	41.13
59.98	81	997.8	60	45.97	44.81	43.7	43.71	41.13
59.99	81	998.9	60	46.02	44.81	43.69	43.74	41.15
59.98	81	999.9	60	46.02	44.86	43.72	43.79	41.14
59.93	82	1001	60	46.02	44.84	43.72	43.81	41.14
59.95	82	1002.1	60	46.04	44.85	43.7	43.82	41.14
59.98	81	1003.1	60	46.03	44.85	43.73	43.88	41.12
59.93	82	1004.2	60	46.02	44.86	43.73	43.82	41.09
59.88	83	1005.3	60	46.01	44.86	43.7	43.73	41.08
60.05	80	1006.4	60	46.04	44.83	43.72	43.8	41.11
60.05	80	1007.4	60	46.05	44.83	43.74	43.79	41.11
59.96	82	1008.5	60	46.07	44.87	43.73	43.76	41.15
59.99	81	1009.6	60	46.04	44.87	43.74	43.74	41.15
59.99	81	1010.6	60	46.02	44.82	43.74	43.72	41.14
59.94	82	1011.7	60	46.03	44.87	43.73	43.72	41.13
60	81	1012.8	60	46.03	44.84	43.69	43.67	41.11
59.99	81	1013.8	60	46.04	44.88	43.73	43.75	41.15
60.07	80	1014.9	60	46.05	44.9	43.75	43.75	41.14
60.08	80	1016	60	46.05	44.88	43.77	43.74	41.19
59.98	81	1017	60	46.04	44.89	43.75	43.73	41.18
60.03	81	1018.1	60	46.03	44.86	43.76	43.78	41.2
60.05	80	1019.2	60	46.07	44.85	43.77	43.77	41.19
60.11	79	1020.2	60	46.02	44.84	43.74	43.73	41.16
60.07	80	1021.3	60	46.05	44.84	43.72	43.73	41.15
60.07	80	1022.4	60	46.04	44.86	43.74	43.73	41.16
60.02	80	1023.5	60	46.05	44.85	43.72	43.69	41.15
59.89	82	1024.5	60	45.99	44.82	43.68	43.63	41.13
60.03	80	1025.6	60	46.01	44.79	43.68	43.61	41.12
60.05	80	1026.7	60	45.99	44.76	43.68	43.59	41.12
59.97	81	1027.7	60	46.02	44.8	43.69	43.58	41.11
59.95	82	1028.8	60	46	44.81	43.7	43.48	41.11
60.02	81	1029.9	60	46.03	44.82	43.71	43.46	41.09
60.01	81	1030.9	60	46.05	44.86	43.71	43.44	41.12
59.93	82	1032	60	46.07	44.88	43.69	43.46	41.09
60.05	80	1033.1	60	46.08	44.89	43.76	43.54	41.1
60.08	80	1034.1	60	46.11	44.91	43.72	43.58	41.13
60.08	79	1035.2	60	46.1	44.93	43.75	43.57	41.17
60.03	80	1036.3	60	46.11	44.92	43.76	43.6	41.16
60.02	80	1037.4	60	46.1	44.88	43.76	43.58	41.16
60.07	79	1038.4	60	46.09	44.89	43.76	43.58	41.16
60.06	80	1039.5	60	46.09	44.94	43.78	43.5	41.19
59.9	82	1040.6	60	46.07	44.9	43.74	43.47	41.16
59.91	82	1041.6	60	46.05	44.84	43.71	43.41	41.16
60.03	80	1042.7	60	46.05	44.83	43.68	43.46	41.17
59.86	83	1043.8	60	46.06	44.86	43.71	43.42	41.13
59.94	82	1044.8	60	46.07	44.86	43.71	43.44	41.13
60	81	1045.9	60	46.07	44.85	43.71	43.43	41.15
59.86	83	1047	60	46.07	44.85	43.72	43.46	41.14
60.05	80	1048	60	46.03	44.83	43.72	43.46	41.16
59.91	82	1049.1	60	46.07	44.88	43.74	43.45	41.15
59.9	83	1050.2	60	46.08	44.85	43.74	43.63	41.16
60.04	81	1051.2	60	46.05	44.88	43.75	43.61	41.14
60.05	80	1052.3	60	46.04	44.86	43.76	43.62	41.17
59.95	82	1053.4	60	46.05	44.86	43.71	43.57	41.11
59.9	83	1054.5	60	46.05	44.84	43.7	43.65	41.1
60.02	81	1055.5	60	46.07	44.87	43.7	43.71	41.08
59.98	82	1056.6	60	46.06	44.87	43.69	43.74	41.1
60.02	81	1057.7	60	46.04	44.83	43.65	43.58	41.03
59.94	82	1058.7	60	46.02	44.85	43.67	43.59	41.09
60.03	81	1059.8	60	46.01	44.84	43.66	43.82	41.07
59.98	82	1060.9	60	46.03	44.79	43.66	43.75	41.08
60.14	79	1061.9	60	46.04	44.82	43.69	43.72	41.11
60.01	81	1063	60	46.04	44.86	43.67	43.92	41.11
59.97	82	1064.1	60	46.02	44.84	43.69	43.97	41.08
60.1	80	1065.1	60	45.99	44.88	43.71	43.97	41.08
59.9	83	1066.2	60	46.02	44.84	43.75	44	41.08
59.86	83	1067.3	60	46.1	44.88	43.76	44	41.09
60	81	1068.3	60	46.04	44.83	43.7	43.93	41.08
60.04	81	1069.4	60	46.06	44.83	43.71	44.07	41.08
60.05	81	1070.5	60	46.06	44.91	43.69	44.08	41.12
60	81	1071.6	60	46.04	44.9	43.74	44.07	41.13
59.93	82	1072.6	60	46.06	44.86	43.74	44.03	41.08
59.91	83	1073.7	60	46.03	44.85	43.73	44.05	41.13
59.96	82	1074.8	60	46.05	44.88	43.74	44.05	41.12
60.05	81	1075.8	60	46.04	44.89	43.73	44.01	41.14
60.02	81	1076.9	60	46.09	44.92	43.75	44	41.15
60.06	80	1078	60	46.12	44.94	43.77	44.16	41.17
60.04	81	1079	60	46.13	44.91	43.78	44.07	41.18
59.89	83	1080.1	60	46.11	44.91	43.79	44.11	41.18
60.01	81	1081.2	60	46.11	44.91	43.77	44.09	41.18
60.09	80	1082.2	60	46.1	44.86	43.77	44.05	41.15
60.1	80	1083.3	60	46.12	44.87	43.77	44.03	41.18
60.01	81	1084.4	60	46.14	44.91	43.76	44.04	41.16
59.99	81	1085.4	60	46.14	44.91	43.79	44.09	41.17
60.15	79	1086.5	60	46.17	44.99	43.81	44.03	41.19
59.96	82	1087.6	60	46.17	44.96	43.8	44.14	41.23
60.09	80	1088.7	60	46.17	44.95	43.87	44.2	41.22
60.08	80	1089.7	60	46.16	44.99	43.85	44.19	41.22
60.16	78	1090.8	60	46.15	45.01	43.84	44.16	41.23
60.06	80	1091.9	60	46.19	44.99	43.84	44.2	41.22
60.03	80	1092.9	60	46.12	44.97	43.84	44.15	41.19
59.95	81	1094	60	46.1	44.96	43.8	44.13	41.17
59.9	82	1095.1	60	46.12	44.96	43.82	44.13	41.17
60.03	80	1096.1	60	46.13	44.96	43.81	44.1	41.19
59.91	82	1097.2	60	46.15	45.02	43.83	44.1	41.18
60.08	79	1098.3	60	46.17	45.02	43.81	44.09	41.22
59.95	81	1099.3	60	46.2	45.01	43.82	44.11	41.24
59.94	82	1100.4	60	46.16	44.97	43.8	44.07	41.24
59.99	81	1101.5	60	46.13	44.95	43.74	44.04	41.2
60.01	81	1102.6	60	46.15	44.97	43.82	44.03	41.22
59.91	82	1103.6	60	46.17	44.96	43.84	44.08	41.21
59.92	82	1104.7	60	46.15	44.95	43.8	44.12	41.23
60.02	81	1105.8	60	46.14	44.97	43.81	44.13	41.22
60	81	1106.8	60	46.11	44.95	43.8	44.13	41.21
60.07	80	1107.9	60	46.1	44.88	43.75	44.09	41.23
59.91	82	1109	60	46.09	44.86	43.82	44.08	41.2
59.94	82	1110	60	46.06	44.9	43.78	44.05	41.21
60.01	81	1111.1	60	46.11	44.92	43.77	44.02	41.17
60	81	1112.2	60	46.1	44.91	43.77	44.07	41.16
59.87	83	1113.2	60	46.1	44.88	43.79	44.07	41.22
60.03	81	1114.3	60	46.12	44.92	43.78	44.04	41.22
60.02	81	1115.4	60	46.14	44.94	43.83	44.06	41.26
60	81	1116.4	60	46.16	44.96	43.81	44.05	41.26
60.03	81	1117.5	60	46.16	44.98	43.87	44.05	41.32
59.99	81	1118.6	60	46.16	44.99	43.84	44.16	41.33
60	81	1119.6	60	46.2	44.99	43.86	44.13	41.33
60.11	79	1120.7	60	46.16	45.01	43.86	44.2	41.34
60.04	80	1121.8	60	46.19	45.01	43.89	44.21	41.34
60.01	81	1122.9	60	46.16	45	43.87	44.18	41.32
59.95	82	1123.9	60	46.17	44.98	43.85	44.23	41.33
59.87	83	1125	60	46.14	44.92	43.83	44.23	41.27
60.05	80	1126.1	60	46.13	44.97	43.82	44.14	41.26
60	81	1127.1	60	46.14	44.96	43.83	44.16	41.28
60.06	80	1128.2	60	46.13	44.91	43.82	44.06	41.26
60.09	80	1129.3	60	46.11	44.92	43.81	43.99	41.21
60.09	79	1130.3	60	46.12	44.89	43.8	43.99	41.2
60.04	80	1131.4	60	46.1	44.91	43.8	43.94	41.19
60.05	80	1132.5	60	46.11	44.92	43.82	43.94	41.2
59.97	81	1133.5	60	46.12	44.96	43.8	43.85	41.2
59.97	81	1134.6	60	46.13	44.97	43.82	43.9	41.22
59.98	81	1135.7	60	46.14	44.93	43.86	43.96	41.26
60.01	81	1136.8	60	46.13	44.97	43.86	43.95	41.3
60.01	81	1137.8	60	46.14	44.93	43.85	44.01	41.3
59.99	81	1138.9	60	46.12	44.9	43.82	44.05	41.28
60.11	79	1140	60	46.16	44.96	43.84	44.1	41.29
59.87	83	1141	60	46.14	44.99	43.87	44.08	41.31
59.98	81	1142.1	60	46.16	45.02	43.85	44.08	41.32
59.87	83	1143.2	60	46.2	44.98	43.88	44.27	41.31
60.02	81	1144.2	60	46.15	44.96	43.89	44.23	41.31
59.98	81	1145.3	60	46.17	44.98	43.85	44.2	41.35
59.93	82	1146.4	60	46.13	44.93	43.84	44.15	41.29
59.92	82	1147.4	60	46.15	44.93	43.86	44.14	41.28
59.95	82	1148.5	60	46.07	44.93	43.85	44.17	41.24
59.96	82	1149.6	60	46.06	44.89	43.84	44.12	41.27
59.98	82	1150.6	60	46.16	44.96	43.86	44.11	41.29
60.01	81	1151.7	60	46.16	44.95	43.87	44.18	41.31
60.14	79	1152.8	60	46.08	45.01	43.9	44.11	41.29
60.03	81	1153.9	60	46.17	45.03	43.89	44.15	41.26
60.09	80	1154.9	60	46.17	44.98	43.88	44.17	41.25
60.18	78	1156	60	46.07	44.97	43.79	44.04	41.2
60	81	1157.1	60	46.15	44.88	43.76	44.21	41.23
60.12	79	1158.1	60	45.87	44.66	43.77	44.07	41
59.98	81	1159.2	60	46.06	44.76	43.69	44.07	41.16
59.96	81	1160.3	60	46.16	44.93	43.85	44.13	41.24
59.96	81	1161.3	60	46.11	44.9	43.72	44.11	41.26
60.27	76	1162.4	60	46.23	44.93	43.73	44.13	41.19
59.7	85	1163.5	60	46.18	44.94	43.86	44.07	41.22
60.05	80	1164.5	60	46.13	44.91	43.85	44.11	41.21
60.02	80	1165.6	60	46.23	45	43.82	44.17	41.26
59.94	82	1166.7	60	45.94	44.76	43.74	44.08	41.31
60.09	79	1167.7	60	46.33	44.98	43.9	44.13	41.12
60.35	75	1168.8	60	46.27	45.11	43.77	44.26	41.32
60.38	74	1169.9	60	46.11	45	43.89	44.24	41.26
59.97	80	1171	60	46.27	45	43.85	44.15	41.27
59.89	82	1172	60	46.21	45.03	43.84	44.11	41.29
59.8	83	1173.1	60	46.25	45.06	43.82	44.11	41.16
59.96	81	1174.2	60	46.2	45.03	43.88	44.12	41.23
59.65	86	1175.2	60	46.14	44.99	43.76	44.16	41.27
60.07	79	1176.3	60	46.22	45.08	43.8	44	41.31
59.88	83	1177.4	60	46.05	45.02	43.97	44.07	41.3
59.85	83	1178.4	60	46.07	44.82	43.76	44.23	41.41
59.95	82	1179.5	60	46.4	44.89	43.87	44.09	41.28
59.49	89	1180.6	60	46.07	45.01	43.77	44.04	41.13
59.82	84	1181.6	60	45.93	45.02	43.8	44.23	41.41
59.86	84	1182.7	60	46.14	45.01	43.92	44.23	41.12
59.76	86	1183.8	60	46.07	45.04	44.01	44.04	41.27
60.43	75	1184.8	60	46.3	45	43.87	43.87	41.46
59.87	84	1185.9	60	46.15	44.99	43.96	44.19	41.27
60.16	79	1187	60	46.23	45.06	44.14	44.2	41.32
60.15	79	1188	60	46.17	45.05	43.94	44.19	41.31
60.06	80	1189.1	60	46.24	45.1	43.92	44.3	41.3
60.03	81	1190.2	60	46.2	45.12	43.94	44.32	41.39
60.02	81	1191.3	60	46.26	45.12	43.92	44.24	41.34
60.08	80	1192.3	60	46.26	45.09	43.94	44.24	41.32
60.12	79	1193.4	60	46.21	45.01	43.94	44.2	41.29
60.14	79	1194.5	60	46.28	44.98	43.82	44.16	41.26
60.05	80	1195.5	60	46.17	44.98	43.83	44.13	41.23
60.01	81	1196.6	60	46.18	44.92	43.82	44	41.25
60	81	1197.7	60	46.15	44.96	43.82	44.1	41.28
60.04	80	1198.7	60	46.17	44.95	43.88	44.09	41.28
60	81	1199.8	60	46.16	45.02	43.82	44.18	41.33
59.84	83	1200.9	60	46.14	45.01	43.75	44.1	41.26
59.94	82	1201.9	60	46.14	44.98	43.8	44.08	41.27
59.96	82	1203	60	46.17	44.94	43.84	44.08	41.24
60.02	81	1204.1	60	46.18	44.98	43.82	44.09	41.23
59.94	82	1205.2	60	46.21	45.03	43.85	44.09	41.25
60.01	81	1206.2	60	46.17	44.98	43.83	44.08	41.22
59.92	83	1207.3	60	46.21	44.99	43.86	44.09	41.23
59.95	82	1208.4	60	46.17	44.99	43.83	44.12	41.25
60	81	1209.4	60	46.21	44.99	43.84	44.1	41.26
59.98	82	1210.5	60	46.19	44.97	43.82	44.09	41.27
59.97	82	1211.6	60	46.18	44.95	43.81	44.1	41.24
60.09	80	1212.6	60	46.24	44.98	43.86	44.11	41.32
60.04	81	1213.7	60	46.23	45.03	43.9	44.16	41.35
59.94	82	1214.8	60	46.24	45.04	43.91	44.21	41.35
59.92	83	1215.8	60	46.22	45.05	43.89	44.19	41.36
60.1	80	1216.9	60	46.23	45.05	43.91	44.27	41.38
60	81	1218	60	46.25	45.08	43.89	44.23	41.35
60.04	81	1219	60	46.23	45.08	43.94	44.28	41.34
60.06	80	1220.1	60	46.26	45.09	43.95	44.28	41.37
60.11	79	1221.2	60	46.3	45.06	43.94	44.31	41.38
60	81	1222.3	60	46.28	45.07	43.95	44.32	41.36
60.07	80	1223.3	60	46.21	45.07	43.93	44.31	41.38
60.02	81	1224.4	60	46.22	45.05	43.95	44.36	41.37
60.01	81	1225.5	60	46.26	45.08	43.94	44.35	41.37
60.07	80	1226.5	60	46.25	45.08	44	44.41	41.35
59.98	81	1227.6	60	46.3	45.12	43.97	44.42	41.36
59.92	82	1228.7	60	46.27	45.13	44	44.42	41.37
60.1	79	1229.7	60	46.3	45.09	43.99	44.45	41.4
60.05	80	1230.8	60	46.31	45.14	43.98	44.46	41.38
60.01	81	1231.9	60	46.27	45.12	43.98	44.4	41.38
59.93	82	1232.9	60	46.3	45.07	43.92	44.41	41.39
59.96	81	1234	60	46.27	45.11	43.94	44.32	41.39
60.04	80	1235.1	60	46.27	45.07	43.9	44.17	41.32
60.02	80	1236.1	60	46.22	45.01	43.88	44.1	41.27
60.06	80	1237.2	60	46.22	44.98	43.85	44.07	41.27
59.93	82	1238.3	60	46.17	45	43.86	44.11	41.24
59.98	81	1239.4	60	46.23	45.02	43.89	44.15	41.28
59.97	81	1240.4	60	46.22	45.06	43.91	44.19	41.29
59.92	82	1241.5	60	46.25	45.03	43.9	44.15	41.31
60	81	1242.6	60	46.21	45.06	43.91	44.18	41.3
60.05	80	1243.6	60	46.19	45.03	43.92	44.21	41.33
60.01	81	1244.7	60	46.18	44.99	43.9	44.12	41.32
59.97	81	1245.8	60	46.21	45.02	43.89	44.12	41.31
59.89	83	1246.8	60	46.21	45.02	43.9	44.13	41.32
59.95	82	1247.9	60	46.25	45.04	43.91	44.18	41.33
59.95	82	1249	60	46.27	45.09	43.92	44.23	41.32
59.99	81	1250	60	46.25	45.07	43.93	44.22	41.35
60.03	81	1251.1	60	46.24	45.07	43.93	44.3	41.35
59.95	82	1252.2	60	46.25	45.07	43.92	44.27	41.34
59.96	82	1253.2	60	46.23	45.01	43.89	44.22	41.36
60.01	81	1254.3	60	46.19	45.01	43.92	44.22	41.33
59.99	81	1255.4	60	46.21	44.99	43.91	44.22	41.39
59.98	82	1256.5	60	46.2	45.01	43.89	44.25	41.37
60.05	81	1257.5	60	46.19	44.98	43.88	44.24	41.37
60.07	80	1258.6	60	46.21	45	43.89	44.19	41.36
60.05	80	1259.7	60	46.18	44.99	43.89	44.2	41.33
60	81	1260.7	60	46.2	44.99	43.88	44.2	41.34
60.09	80	1261.8	60	46.23	45.02	43.9	44.22	41.35
60.06	80	1262.9	60	46.27	45.07	43.93	44.29	41.38
60.03	80	1263.9	60	46.26	45.08	43.95	44.33	41.4
59.99	81	1265	60	46.27	45.09	43.97	44.4	41.43
60.01	81	1266.1	60	46.28	45.11	43.98	44.37	41.43
60.07	80	1267.1	60	46.24	45.05	43.98	44.33	41.43
59.96	81	1268.2	60	46.22	45.05	43.94	44.3	41.42
59.97	81	1269.3	60	46.19	45.03	43.93	44.25	41.36
59.94	82	1270.3	60	46.16	45	43.87	44.18	41.34
59.9	83	1271.4	60	46.18	44.97	43.86	44.18	41.3
59.99	81	1272.5	60	46.17	45.02	43.92	44.2	41.33
60.01	81	1273.6	60	46.19	45.01	43.89	44.16	41.32
59.97	82	1274.6	60	46.2	45.02	43.91	44.16	41.34
60.01	81	1275.7	60	46.19	45.05	43.92	44.24	41.36
59.98	81	1276.8	60	46.23	45.06	43.91	44.21	41.36
59.99	81	1277.8	60	46.18	45.04	43.91	44.23	41.36
60.04	80	1278.9	60	46.23	45.05	43.92	44.22	41.35
59.94	82	1280	60	46.19	45.02	43.88	44.22	41.34
60.05	80	1281	60	46.17	45.01	43.9	44.14	41.34
60.05	80	1282.1	60	46.16	44.97	43.85	44.2	41.3
60.02	81	1283.2	60	46.16	44.98	43.86	44.19	41.29
60.03	81	1284.2	60	46.17	45.01	43.86	44.2	41.31
60	81	1285.3	60	46.19	45.02	43.89	44.16	41.33
59.96	82	1286.4	60	46.21	44.99	43.88	44.19	41.32
60.01	81	1287.5	60	46.17	44.98	43.88	44.17	41.31
60.04	80	1288.5	60	46.13	44.96	43.87	44.14	41.33
59.94	82	1289.6	60	46.15	44.99	43.92	44.21	41.3
60.02	81	1290.7	60	46.2	45	43.87	44.19	41.37
60.01	81	1291.7	60	46.24	45.06	43.97	44.27	41.42
60.11	79	1292.8	60	46.28	45.08	43.95	44.3	41.38
60.02	81	1293.9	60	46.25	45.06	43.99	44.31	41.4
60.1	79	1294.9	60	46.26	45.05	43.96	44.38	41.41
60.09	79	1296	60	46.2	45.06	43.95	44.35	41.38
59.95	81	1297.1	60	46.21	45.05	43.91	44.38	41.36
60	81	1298.1	60	46.22	45.05	43.95	44.34	41.36
60	81	1299.2	60	46.23	45.06	43.92	44.27	41.36
59.98	81	1300.3	60	46.25	45.07	43.97	44.33	41.37
59.98	81	1301.3	60	46.26	45.12	43.95	44.36	41.39
60.01	81	1302.4	60	46.27	45.1	43.97	44.35	41.37
59.93	82	1303.5	60	46.25	45.08	43.93	44.31	41.4
59.94	82	1304.6	60	46.24	45.04	43.93	44.28	41.35
59.95	82	1305.6	60	46.24	45.04	43.92	44.24	41.36
60.01	81	1306.7	60	46.23	45.05	43.9	44.22	41.32
59.94	82	1307.8	60	46.23	45.06	43.91	44.22	41.34
59.97	81	1308.8	60	46.24	45.04	43.93	44.2	41.33
60.01	81	1309.9	60	46.23	45.02	43.93	44.23	41.33
60.08	80	1311	60	46.22	45.04	43.92	44.25	41.35
59.97	81	1312	60	46.21	45.03	43.95	44.26	41.36
60.03	80	1313.1	60	46.23	45.06	43.92	44.25	41.36
60.17	78	1314.2	60	46.22	45.04	43.9	44.29	41.34
59.99	81	1315.2	60	46.2	45.03	43.9	44.13	41.34
60.06	80	1316.3	60	46.21	45.05	43.86	44.15	41.35
59.92	82	1317.4	60	46.21	45.05	43.93	44.13	41.36
60.03	80	1318.4	60	46.27	45.06	43.94	44.18	41.37
59.93	82	1319.5	60	46.27	45.12	44.02	44.18	41.38
59.97	81	1320.6	60	46.24	45.13	43.97	44.22	41.41
60.02	80	1321.7	60	46.33	45.15	43.99	44.29	41.39
60.01	81	1322.7	60	46.29	45.11	43.99	44.32	41.41
59.92	82	1323.8	60	46.3	45.13	43.98	44.31	41.38
59.91	82	1324.9	60	46.28	45.1	43.97	44.28	41.36
59.94	82	1325.9	60	46.27	45.11	43.94	44.25	41.33
59.99	81	1327	60	46.29	45.06	43.96	44.23	41.38
59.96	82	1328.1	60	46.3	45.06	43.98	44.24	41.38
59.99	81	1329.1	60	46.26	45.12	43.94	44.19	41.35
59.97	82	1330.2	60	46.24	45.07	43.96	44.18	41.35
59.93	82	1331.3	60	46.28	45.04	43.94	44.18	41.4
60.03	81	1332.3	60	46.27	45.08	43.99	44.15	41.38
60.12	79	1333.4	60	46.28	45.12	43.95	44.2	41.4
60.05	80	1334.5	60	46.29	45.09	43.94	44.24	41.39
60.02	81	1335.5	60	46.28	45.06	43.94	44.31	41.36
60.09	80	1336.6	60	46.27	45.09	43.94	44.38	41.39
60.03	80	1337.7	60	46.27	45.09	43.94	44.35	41.4
60.05	80	1338.8	60	46.21	45.06	43.92	44.41	41.4
59.9	82	1339.8	60	46.21	45.02	43.91	44.42	41.37
59.96	82	1340.9	60	46.23	45.04	43.93	44.41	41.4
59.9	83	1342	60	46.23	45.02	43.92	44.43	41.38
59.89	83	1343	60	46.2	45.02	43.93	44.43	41.45
59.99	81	1344.1	60	46.2	45.03	43.96	44.41	41.42
60.01	81	1345.2	60	46.19	45.05	43.91	44.47	41.41
59.99	81	1346.2	60	46.22	44.99	43.94	44.49	41.43
59.96	82	1347.3	60	46.23	45.04	43.97	44.47	41.42
59.96	82	1348.4	60	46.21	45.04	43.98	44.46	41.45
59.95	82	1349.4	60	46.22	45.08	43.97	44.47	41.43
60.03	81	1350.5	60	46.26	45.07	44.01	44.48	41.47
60.02	81	1351.6	60	46.26	45.07	44	44.52	41.49
60.01	81	1352.6	60	46.26	45.1	44.01	44.56	41.47
60.06	80	1353.7	60	46.29	45.09	43.99	44.51	41.46
59.98	81	1354.8	60	46.26	45.05	44.01	44.48	41.42
60.03	81	1355.9	60	46.23	45.05	43.97	44.43	41.42
60.01	81	1356.9	60	46.22	45.07	43.96	44.39	41.42
60.05	80	1358	60	46.25	45.05	43.93	44.38	41.41
60.07	80	1359.1	60	46.26	45.09	43.95	44.38	41.4
60.04	80	1360.1	60	46.24	45.06	43.95	44.36	41.4
60.05	80	1361.2	60	46.23	45.03	43.96	44.35	41.39
60.01	81	1362.3	60	46.27	45.06	43.95	44.34	41.38
59.92	82	1363.3	60	46.25	45.09	43.94	44.35	41.42
59.94	82	1364.4	60	46.27	45.09	43.97	44.31	41.41
59.94	82	1365.5	60	46.28	45.11	43.98	44.38	41.42
59.95	82	1366.5	60	46.29	45.13	43.99	44.38	41.43
60.07	80	1367.6	60	46.27	45.09	43.95	44.34	41.42
59.96	82	1368.7	60	46.28	45.09	43.96	44.41	41.42
60.06	80	1369.7	60	46.24	45.09	43.97	44.36	41.4
60	81	1370.8	60	46.25	45.05	43.94	44.28	41.37
59.98	81	1371.9	60	46.21	45.04	43.92	44.26	41.38
60.02	81	1373	60	46.27	45.05	43.96	44.31	41.4
60.02	81	1374	60	46.29	45.05	43.95	44.29	41.45
60.07	80	1375.1	60	46.28	45.1	43.96	44.35	41.38
59.93	82	1376.2	60	46.33	45.08	43.95	44.37	41.41
59.89	83	1377.2	60	46.33	45.19	43.99	44.4	41.43
59.89	83	1378.3	60	46.28	45.12	43.97	44.43	41.44
59.96	82	1379.4	60	46.31	45.13	44	44.42	41.43
59.98	82	1380.4	60	46.31	45.11	44	44.41	41.4
60.08	80	1381.5	60	46.26	45.11	43.99	44.33	41.41
60.04	81	1382.6	60	46.24	45.04	43.95	44.36	41.4
60.14	79	1383.6	60	46.28	45.08	43.96	44.4	41.4
60.16	79	1384.7	60	46.25	45.1	43.98	44.38	41.43
59.97	81	1385.8	60	46.26	45.09	43.95	44.41	41.44
59.95	82	1386.8	60	46.28	45.13	44.01	44.43	41.42
60.08	80	1387.9	60	46.33	45.11	43.95	44.43	41.46
60.12	79	1389	60	46.32	45.16	44.01	44.49	41.43
60.15	78	1390.1	60	46.35	45.18	44.03	44.41	41.41
60.02	80	1391.1	60	46.35	45.12	44.01	44.37	41.43
59.91	82	1392.2	60	46.3	45.11	44.02	44.37	41.45
59.95	82	1393.3	60	46.3	45.12	43.98	44.35	41.45
60	81	1394.3	60	46.26	45.06	43.99	44.39	41.41
60.04	80	1395.4	60	46.23	45.08	43.97	44.39	41.38
59.94	82	1396.5	60	46.29	45.07	43.97	44.34	41.39
59.97	81	1397.5	60	46.29	45.12	44	44.3	41.39
59.85	83	1398.6	60	46.33	45.08	44.03	44.34	41.37
59.96	82	1399.7	60	46.35	45.11	43.99	44.43	41.36
59.97	81	1400.7	60	46.4	45.14	44.04	44.43	41.41
59.83	84	1401.8	60	46.46	45.18	44.02	44.43	41.41
59.74	85	1402.9	60	46.45	45.18	44.01	44.51	41.46
59.96	82	1403.9	60	46.43	45.21	44.01	44.58	41.49
59.93	83	1405	60	46.43	45.18	44.02	44.62	41.52
59.81	85	1406.1	60	46.41	45.18	44.04	44.67	41.53
59.93	83	1407.2	60	46.42	45.12	44.09	44.75	41.59
59.9	84	1408.2	60	46.33	45.18	44.08	44.8	41.61
59.97	83	1409.3	60	46.37	45.24	44.13	44.85	41.61
59.93	83	1410.4	60	46.46	45.32	44.18	44.93	41.63
60.12	80	1411.4	60	46.51	45.38	44.18	44.9	41.67
60.01	82	1412.5	60	46.51	45.38	44.21	44.54	41.65
60.01	82	1413.6	60	46.53	45.45	44.25	44.9	41.63
60.07	81	1414.6	60	46.55	45.44	44.23	44.88	41.57
60.09	81	1415.7	60	46.53	45.44	44.26	44.86	41.58
60.09	80	1416.8	60	46.54	45.47	44.25	44.86	41.59
60.15	79	1417.8	60	46.54	45.49	44.24	44.85	41.54
60.16	79	1418.9	60	46.53	45.48	44.24	44.84	41.53
59.99	82	1420	60	46.51	45.43	44.21	44.83	41.54
60.03	81	1421	60	46.49	45.39	44.2	44.77	41.49
60.03	81	1422.1	60	46.47	45.42	44.17	44.7	41.47
60.07	80	1423.2	60	46.45	45.4	44.15	44.7	41.45
60.05	80	1424.3	60	46.47	45.39	44.13	44.68	41.46
60.01	81	1425.3	60	46.46	45.39	44.15	44.73	41.47
60.1	80	1426.4	60	46.47	45.4	44.15	44.77	41.5
60.09	80	1427.5	60	46.47	45.41	44.18	44.75	41.54
59.95	82	1428.5	60	46.49	45.39	44.12	44.8	41.53
60.07	80	1429.6	60	46.47	45.37	44.18	44.73	41.47
59.98	81	1430.7	60	46.48	45.36	44.15	44.66	41.46
59.94	82	1431.7	60	46.44	45.39	44.14	44.63	41.41
59.94	82	1432.8	60	46.44	45.34	44.11	44.6	41.44
60.01	81	1433.9	60	46.41	45.39	44.1	44.41	41.41
60.04	80	1434.9	60	46.43	45.36	44.09	44.41	41.44
59.99	81	1436	60	46.4	45.34	44.09	44.4	41.42
60.07	80	1437.1	60	46.4	45.3	44.15	44.44	41.45
59.9	83	1438.1	60	46.46	45.38	44.15	44.43	41.43
59.96	82	1439.2	60	46.41	45.37	44.13	44.53	41.47
59.94	82	1440.3	60	46.43	45.38	44.15	44.45	41.46
60.08	80	1441.4	60	46.41	45.39	44.11	44.48	41.43
60.07	80	1442.4	60	46.45	45.35	44.17	44.5	41.49
60.11	79	1443.5	60	46.42	45.37	44.17	44.37	41.48
60.08	80	1444.6	60	46.42	45.37	44.13	44.37	41.46
60.13	79	1445.6	60	46.44	45.33	44.1	44.38	41.43
60.06	80	1446.7	60	46.4	45.36	44.13	44.38	41.43
60.11	79	1447.8	60	46.38	45.35	44.12	44.41	41.46
60.09	79	1448.8	60	46.4	45.34	44.17	44.39	41.45
59.96	81	1449.9	60	46.41	45.38	44.11	44.38	41.46
59.97	81	1451	60	46.38	45.38	44.14	44.4	41.45
59.99	81	1452	60	46.4	45.41	44.13	44.42	41.44
60.04	80	1453.1	60	46.39	45.37	44.1	44.39	41.47
60.04	80	1454.2	60	46.39	45.41	44.11	44.4	41.46
60.07	79	1455.3	60	46.4	45.37	44.2	44.4	41.46
60.02	80	1456.3	60	46.4	45.35	44.17	44.39	41.48
59.99	80	1457.4	60	46.4	45.35	44.11	44.36	41.45
59.96	81	1458.5	60	46.39	45.36	44.11	44.33	41.43
59.97	81	1459.5	60	46.39	45.35	44.09	44.31	41.43
59.96	81	1460.6	60	46.37	45.33	44.14	44.34	41.45
60.11	79	1461.7	60	46.39	45.34	44.1	44.37	41.46
60.06	79	1462.7	60	46.44	45.39	44.15	44.38	41.47
60.05	79	1463.8	60	46.42	45.34	44.18	44.36	41.45
59.98	80	1464.9	60	46.43	45.37	44.19	44.47	41.45
59.95	81	1465.9	60	46.42	45.39	44.16	44.41	41.49
59.89	82	1467	60	46.42	45.41	44.13	44.44	41.48
59.92	82	1468.1	60	46.41	45.37	44.16	44.4	41.48
59.78	84	1469.1	60	46.4	45.35	44.12	44.36	41.49
60.06	80	1470.2	60	46.4	45.34	44.12	44.37	41.46
59.87	83	1471.3	60	46.39	45.34	44.14	44.37	41.44
59.94	82	1472.4	60	46.4	45.35	44.12	44.34	41.46
59.89	83	1473.4	60	46.37	45.32	44.06	44.34	41.41
59.97	82	1474.5	60	46.35	45.33	44.08	44.29	41.42
60.06	80	1475.6	60	46.38	45.32	44.03	44.3	41.41
59.97	81	1476.6	60	46.37	45.3	44.12	44.42	41.4
60	81	1477.7	60	46.37	45.27	44.07	44.31	41.4
60.09	80	1478.8	60	46.36	45.28	44.08	44.3	41.38
59.96	82	1479.8	60	46.37	45.3	44.07	44.25	41.38
60.08	80	1480.9	60	46.39	45.3	44.07	44.27	41.35
60.04	80	1482	60	46.41	45.28	44.04	44.44	41.36
59.95	81	1483	60	46.41	45.26	44.06	44.44	41.39
59.93	82	1484.1	60	46.38	45.31	44.06	44.48	41.35
59.9	83	1485.2	60	46.39	45.29	44.06	44.31	41.36
59.9	83	1486.2	60	46.35	45.33	44.04	44.42	41.37
60.07	80	1487.3	60	46.35	45.26	44.02	44.39	41.41
60.03	81	1488.4	60	46.35	45.25	44.03	44.28	41.41
60.04	80	1489.4	60	46.34	45.22	44.1	44.34	41.41
60.03	81	1490.5	60	46.33	45.31	44	44.4	41.46
60.07	80	1491.6	60	46.35	45.32	44.09	44.41	41.46
59.9	82	1492.7	60	46.36	45.27	44.05	44.43	41.46
60.13	79	1493.7	60	46.35	45.32	44.04	44.41	41.5
60.08	80	1494.8	60	46.34	45.3	44.12	44.44	41.46
60	81	1495.9	60	46.34	45.21	43.9	44.3	41.27
59.71	85	1496.9	60	46.13	45.13	43.87	44.35	41.32
59.77	85	1498	60	46.19	45.15	43.9	44.28	41.3
59.77	85	1499.1	60	46.2	45.11	43.89	44.32	41.26
59.81	85	1500.1	60	46.19	45.15	43.92	44.26	41.26
59.69	87	1501.2	60	46.21	45.12	43.87	44.3	41.23
59.72	87	1502.3	60	46.15	45.11	43.89	44.27	41.26
59.76	86	1503.3	60	46.17	45.15	43.87	44.34	41.26
59.84	85	1504.4	60	46.15	45.11	43.91	44.28	41.27
59.87	85	1505.5	60	46.15	45.12	43.86	44.28	41.25
59.99	83	1506.5	60	46.16	45.07	43.9	44.48	41.27
59.92	84	1507.6	60	46.16	45.13	43.9	44.35	41.24
59.94	84	1508.7	60	46.16	45.05	43.92	44.31	41.25
60	83	1509.8	60	46.17	45.1	43.92	44.35	41.26
60.06	82	1510.8	60	46.19	45.12	43.92	44.38	41.26
59.96	84	1511.9	60	46.2	45.11	43.97	44.51	41.24
60.06	82	1513	60	46.17	45.13	43.92	44.54	41.25
60.08	82	1514	60	46.16	45.11	43.92	44.5	41.25
60.14	81	1515.1	60	46.17	45.12	43.94	44.47	41.23
60.1	81	1516.2	60	46.14	45.12	43.95	44.46	41.25
60.21	80	1517.2	60	46.17	45.09	43.9	44.5	41.31
60.05	82	1518.3	60	46.17	45.11	43.92	44.53	41.28
60.21	79	1519.4	60	46.14	45.1	43.89	44.5	41.33
60.05	82	1520.4	60	46.14	45.08	43.89	44.49	41.33
60.05	82	1521.5	60	46.12	45.06	43.9	44.34	41.3
60.06	81	1522.6	60	46.11	45.05	43.91	44.45	41.3
60.05	81	1523.7	60	46.14	45.02	43.87	42.85	41.25
60.1	81	1524.7	60	46.08	45.06	43.9	42.82	41.26
60.04	81	1525.8	60	46.08	45.05	43.89	42.8	41.21
60.02	82	1526.9	60	46.07	45.05	43.83	42.75	41.2
59.98	82	1527.9	60	46.02	45.05	43.86	42.75	41.22
60.11	80	1529	60	46.05	45.04	43.84	42.72	41.21
60.1	80	1530.1	60	46.06	45.06	43.83	42.73	41.22
60.01	82	1531.1	60	46.03	45.04	43.81	42.74	41.2
60.04	81	1532.2	60	46	44.98	43.8	42.72	41.2
60.04	81	1533.3	60	46.02	44.97	43.78	42.69	41.17
60.01	81	1534.3	60	45.98	44.97	43.8	42.68	41.13
60.12	80	1535.4	60	45.99	44.98	43.78	42.66	41.15
60.11	80	1536.5	60	46	45	43.77	42.66	41.09
60	81	1537.6	60	46.01	45.02	43.72	42.62	41.15
59.94	82	1538.6	60	45.96	44.97	43.79	42.65	41.12
59.99	81	1539.7	60	46.03	44.99	43.74	42.67	41.09
59.98	82	1540.8	60	46.02	45	43.76	42.68	41.09
60.01	81	1541.8	60	46.03	45.02	43.78	42.67	41.08
60.02	81	1542.9	60	46.02	45.01	43.81	42.64	41.15
59.99	81	1544	60	46	45.07	43.84	42.68	41.13
60.01	81	1545	60	46.05	45.08	43.81	42.65	41.17
59.95	82	1546.1	60	46.11	45.08	43.84	42.72	41.16
59.96	82	1547.2	60	46.07	45.06	43.83	42.73	41.22
59.99	82	1548.2	60	46.06	45.01	43.82	42.75	41.17
60.04	81	1549.3	60	46.04	45.01	43.83	42.72	41.21
59.94	82	1550.4	60	46.03	45	43.8	42.75	41.23
59.92	83	1551.4	60	46.02	45.03	43.79	42.74	41.21
59.96	82	1552.5	60	46.01	45.01	43.79	42.73	41.2
59.93	83	1553.6	60	46.02	45	43.83	42.73	41.18
59.99	82	1554.6	60	46.01	45.04	43.8	42.81	41.16
60.05	81	1555.7	60	46.04	45.08	43.83	42.76	41.19
60.02	81	1556.8	60	46.11	45.04	43.81	42.8	41.21
60.05	81	1557.9	60	46.08	45.06	43.86	42.77	41.16
59.91	83	1558.9	60	46.05	45.08	43.79	42.8	41.23
59.96	82	1560	60	46.1	45.06	43.81	42.78	41.2
60.09	80	1561.1	60	46.1	45.07	43.81	42.78	41.24
59.9	83	1562.1	60	46.12	45.1	43.89	42.8	41.24
60	82	1563.2	60	46.14	45.11	43.91	42.82	41.25
59.96	82	1564.3	60	46.14	45.1	43.9	42.81	41.28
59.98	82	1565.3	60	46.17	45.12	43.9	42.83	41.28
60	82	1566.4	60	46.16	45.14	43.9	42.91	41.31
59.99	82	1567.5	60	46.17	45.15	43.92	42.85	41.3
59.94	83	1568.5	60	46.11	45.09	43.91	42.88	41.28
60.04	81	1569.6	60	46.12	45.11	43.89	42.89	41.26
60.08	81	1570.7	60	46.13	45.09	43.88	42.85	41.27
60.09	80	1571.7	60	46.15	45.09	43.89	42.89	41.29
60.06	81	1572.8	60	46.15	45.07	43.91	42.91	41.28
60.05	81	1573.9	60	46.17	45.1	43.9	42.91	41.28
60.01	81	1575	60	46.17	45.11	43.91	42.91	41.28
60.05	81	1576	60	46.16	45.13	43.89	42.9	41.25
59.94	82	1577.1	60	46.16	45.1	43.89	42.87	41.27
60.04	81	1578.2	60	46.12	45.06	43.86	42.88	41.31
60.06	81	1579.2	60	46.12	45.07	43.88	42.88	41.28
60.04	81	1580.3	60	46.12	45.09	43.9	42.88	41.26
60.03	81	1581.4	60	46.12	45.09	43.85	42.86	41.24
60.1	80	1582.4	60	46.12	45.04	43.88	42.82	41.2
60.11	79	1583.5	60	46.11	45.04	43.84	42.79	41.22
59.97	82	1584.6	60	46.13	45.1	43.87	42.83	41.21
59.95	82	1585.6	60	46.12	45.11	43.89	42.8	41.19
60.12	79	1586.7	60	46.13	45.11	43.92	42.86	41.18
60	81	1587.8	60	46.12	45.12	43.9	42.8	41.2
59.91	83	1588.9	60	46.14	45.16	43.9	42.84	41.18
59.99	81	1589.9	60	46.17	45.13	43.9	42.81	41.21
60.04	81	1591	60	46.18	45.15	43.89	42.82	41.21
60.05	80	1592.1	60	46.14	45.12	43.9	42.87	41.2
59.95	82	1593.1	60	46.19	45.15	43.94	42.84	41.21
59.95	82	1594.2	60	46.14	45.15	43.87	42.83	41.23
59.84	84	1595.3	60	46.17	45.16	43.91	42.79	41.2
59.97	82	1596.3	60	46.19	45.21	43.95	42.85	41.23
59.95	82	1597.4	60	46.21	45.2	43.97	42.86	41.28
60	81	1598.5	60	46.23	45.15	43.94	42.89	41.29
59.94	82	1599.5	60	46.22	45.18	43.97	42.93	41.29
59.98	82	1600.6	60	46.18	45.16	43.99	42.92	41.33
59.91	83	1601.7	60	46.25	45.22	43.99	42.96	41.33
59.97	82	1602.7	60	46.24	45.19	43.96	42.96	41.33
60.08	80	1603.8	60	46.21	45.18	43.97	42.95	41.29
60.01	81	1604.9	60	46.21	45.14	43.94	42.95	41.27
60.05	81	1606	60	46.22	45.13	43.94	42.91	41.24
60.09	80	1607	60	46.19	45.13	43.92	42.87	41.24
60.11	80	1608.1	60	46.19	45.16	43.94	42.87	41.26
60	81	1609.2	60	46.18	45.12	43.91	42.87	41.26
60	81	1610.2	60	46.19	45.13	43.95	42.83	41.25
60.03	81	1611.3	60	46.16	45.13	43.87	42.81	41.19
59.91	83	1612.4	60	46.19	45.11	43.87	42.82	41.2
60.01	81	1613.4	60	46.18	45.1	43.87	42.8	41.2
59.97	82	1614.5	60	46.15	45.1	43.83	42.77	41.16
59.93	82	1615.6	60	46.15	45.09	43.88	42.72	41.15
59.96	82	1616.6	60	46.15	45.12	43.83	42.72	41.13
59.97	82	1617.7	60	46.15	45.12	43.87	42.73	41.15
59.99	82	1618.8	60	46.18	45.14	43.86	42.7	41.17
60.03	81	1619.8	60	46.18	45.16	43.86	42.76	41.19
60.03	81	1620.9	60	46.16	45.13	43.9	42.76	41.2
60	82	1622	60	46.16	45.14	43.91	42.75	41.18
59.95	82	1623.1	60	46.17	45.15	43.91	42.78	41.22
59.91	83	1624.1	60	46.19	45.15	43.91	42.79	41.24
60.01	81	1625.2	60	46.2	45.16	43.93	42.81	41.25
60.03	81	1626.3	60	46.18	45.17	43.92	42.82	41.21
60.02	81	1627.3	60	46.17	45.19	43.92	42.83	41.24
60	82	1628.4	60	46.2	45.18	43.92	42.87	41.26
60.1	80	1629.5	60	46.21	45.21	43.96	42.89	41.27
59.95	82	1630.5	60	46.2	45.17	43.98	42.94	41.28
60	82	1631.6	60	46.22	45.2	43.94	42.92	41.28
59.92	83	1632.7	60	46.21	45.15	43.97	42.91	41.24
59.92	83	1633.7	60	46.15	45.14	43.91	42.86	41.21
59.95	82	1634.8	60	46.16	45.14	43.88	42.82	41.2
59.99	82	1635.9	60	46.15	45.15	43.94	42.83	41.19
60.02	81	1636.9	60	46.17	45.18	43.91	42.85	41.25
60	82	1638	60	46.2	45.2	43.98	42.86	41.27
59.96	82	1639.1	60	46.2	45.16	43.98	42.89	41.27
60.04	81	1640.2	60	46.2	45.19	43.95	42.9	41.27
59.95	83	1641.2	60	46.23	45.18	43.96	42.89	41.28
59.98	82	1642.3	60	46.22	45.14	43.94	42.88	41.29
60.04	81	1643.4	60	46.17	45.14	43.95	42.89	41.23
60	82	1644.4	60	46.21	45.19	43.91	42.88	41.27
60.17	79	1645.5	60	46.23	45.17	43.93	42.89	41.26
60.11	80	1646.6	60	46.23	45.19	43.99	42.88	41.26
59.96	82	1647.6	60	46.24	45.22	43.95	42.89	41.29
60.06	80	1648.7	60	46.27	45.2	43.96	42.95	41.3
60.06	80	1649.8	60	46.29	45.21	44.01	42.97	41.3
60	81	1650.8	60	46.27	45.28	44	42.96	41.3
59.96	82	1651.9	60	46.32	45.24	43.97	42.97	41.28
59.95	82	1653	60	46.31	45.29	44.01	42.93	41.29
59.97	82	1654	60	46.32	45.28	44.02	42.95	41.28
60.05	81	1655.1	60	46.31	45.26	44.02	42.92	41.24
60.03	81	1656.2	60	46.32	45.24	43.98	42.86	41.2
60	81	1657.3	60	46.28	45.21	43.94	42.88	41.22
60	81	1658.3	60	46.28	45.25	44	42.87	41.21
60.01	81	1659.4	60	46.3	45.25	44	42.89	41.27
60.01	81	1660.5	60	46.29	45.23	43.96	42.88	41.23
60.09	80	1661.5	60	46.28	45.25	43.97	42.89	41.22
59.99	81	1662.6	60	46.29	45.21	43.99	42.9	41.23
59.97	82	1663.7	60	46.29	45.17	43.99	42.88	41.21
60.11	79	1664.7	60	46.25	45.23	43.94	42.85	41.2
59.95	82	1665.8	60	46.28	45.23	43.94	42.87	41.23
59.98	82	1666.9	60	46.28	45.23	44.01	42.94	41.24
59.97	82	1667.9	60	46.3	45.26	44	42.88	41.28
60.05	80	1669	60	46.26	45.24	44	42.91	41.25
59.99	81	1670.1	60	46.26	45.22	43.99	42.96	41.3
60.02	81	1671.1	60	46.3	45.24	44	42.94	41.34
59.93	82	1672.2	60	46.28	45.23	44.03	42.96	41.36
59.96	82	1673.3	60	46.28	45.27	44.05	42.99	41.36
60.04	81	1674.4	60	46.33	45.28	44.05	43.04	41.42
59.97	82	1675.4	60	46.31	45.28	44.01	43.03	41.36
60.06	80	1676.5	60	46.29	45.22	44.02	43.03	41.35
59.93	82	1677.6	60	46.3	45.22	44.03	43.01	41.33
59.95	82	1678.6	60	46.24	45.2	44.01	43	41.34
59.96	82	1679.7	60	46.27	45.25	44.01	42.95	41.3
60.04	81	1680.8	60	46.25	45.23	44.01	42.91	41.3
59.93	82	1681.8	60	46.25	45.19	43.98	42.93	41.27
59.86	84	1682.9	60	46.24	45.25	44	42.88	41.25
60.01	81	1684	60	46.25	45.24	44.01	42.91	41.27
60.05	81	1685	60	46.28	45.25	44.02	42.94	41.3
59.96	82	1686.1	60	46.28	45.28	44.06	42.97	41.35
60.07	81	1687.2	60	46.3	45.29	44.08	43	41.37
59.98	82	1688.2	60	46.32	45.29	44.06	43.03	41.37
59.94	83	1689.3	60	46.33	45.27	44.05	43.02	41.38
60.04	81	1690.4	60	46.32	45.29	44.05	43	41.36
59.96	82	1691.5	60	46.31	45.28	44.07	43.04	41.39
59.94	82	1692.5	60	46.32	45.28	44.05	43.04	41.42
60.04	81	1693.6	60	46.29	45.25	44.04	43.05	41.42
60.01	82	1694.7	60	46.31	45.27	44.06	43.04	41.42
60.12	80	1695.7	60	46.31	45.29	44.02	43.07	41.37
60.01	81	1696.8	60	46.29	45.27	44.05	43	41.35
60.12	79	1697.9	60	46.32	45.22	44.01	42.98	41.35
59.98	82	1698.9	60	46.3	45.25	44	42.96	41.33
59.86	84	1700	60	46.24	45.24	43.99	42.92	41.31
59.97	82	1701.1	60	46.27	45.23	43.98	42.9	41.31
59.88	83	1702.1	60	46.3	45.22	43.97	42.95	41.3
60	82	1703.2	60	46.28	45.24	44.03	42.97	41.33
60.01	82	1704.3	60	46.27	45.23	44.02	42.97	41.29
60.02	81	1705.3	60	46.33	45.29	44.05	42.96	41.31
59.98	82	1706.4	60	46.31	45.26	44.01	42.91	41.31
59.99	82	1707.5	60	46.31	45.32	43.99	42.93	41.29
59.98	82	1708.6	60	46.28	45.23	43.98	42.92	41.25
60.11	80	1709.6	60	46.24	45.22	44.03	42.93	41.25
59.97	82	1710.7	60	46.31	45.24	44.02	42.93	41.25
60.03	81	1711.8	60	46.29	45.27	44	42.9	41.26
59.98	82	1712.8	60	46.27	45.23	43.98	42.94	41.27
60.08	80	1713.9	60	46.26	45.22	44	42.87	41.29
60.12	80	1715	60	46.34	45.3	44.03	42.89	41.28
60.04	81	1716	60	46.27	45.25	44	42.86	41.25
60.05	81	1717.1	60	46.26	45.22	44	42.88	41.28
60.05	81	1718.2	60	46.28	45.26	43.96	42.84	41.26
60.16	79	1719.2	60	46.25	45.2	44	42.86	41.28
59.95	82	1720.3	60	46.27	45.22	43.97	42.86	41.3
59.96	82	1721.4	60	46.29	45.21	43.99	42.84	41.26
60.02	81	1722.4	60	46.28	45.23	44.02	42.86	41.29
59.98	81	1723.5	60	46.31	45.2	44.01	42.9	41.31
59.99	81	1724.6	60	46.29	45.27	43.98	42.88	41.3
60.01	81	1725.7	60	46.31	45.26	44.01	42.92	41.33
59.95	82	1726.7	60	46.3	45.27	44.04	42.95	41.33
59.99	81	1727.8	60	46.34	45.33	44.05	42.97	41.33
59.96	82	1728.9	60	46.34	45.3	44.06	42.97	41.35
60	81	1729.9	60	46.34	45.25	44.04	43.02	41.35
59.97	82	1731	60	46.29	45.25	44.05	43	41.34
59.92	83	1732.1	60	46.28	45.25	44.03	42.99	41.32
60	81	1733.1	60	46.32	45.28	44.01	42.94	41.31
60.06	80	1734.2	60	46.32	45.28	44.05	42.97	41.32
60.07	80	1735.3	60	46.32	45.28	44.05	42.95	41.35
59.92	82	1736.3	60	46.33	45.28	44.04	42.99	41.33
60.1	80	1737.4	60	46.32	45.27	44.02	43	41.33
60	81	1738.5	60	46.28	45.24	44.03	42.99	41.3
59.85	84	1739.5	60	46.32	45.27	44.02	43	41.32
59.98	82	1740.6	60	46.34	45.26	44.05	43.03	41.36
59.88	83	1741.7	60	46.28	45.25	44.02	42.96	41.34
59.89	83	1742.8	60	46.28	45.27	44	42.92	41.33
59.99	82	1743.8	60	46.32	45.24	44.05	42.93	41.33
60.14	79	1744.9	60	46.31	45.28	44.03	42.99	41.34
59.96	82	1746	60	46.38	45.28	44.05	42.98	41.36
59.96	82	1747	60	46.35	45.31	44.04	42.97	41.34
60.03	81	1748.1	60	46.34	45.32	44.07	42.99	41.32
60.07	81	1749.2	60	46.33	45.3	44.06	42.98	41.33
60.05	81	1750.2	60	46.35	45.28	44.07	42.98	41.32
60.03	81	1751.3	60	46.34	45.31	44.06	42.97	41.34
59.98	82	1752.4	60	46.33	45.3	44.05	42.98	41.31
59.88	83	1753.4	60	46.28	45.27	44.03	42.94	41.33
60.02	81	1754.5	60	46.31	45.26	44.02	42.95	41.34
60.03	81	1755.6	60	46.33	45.24	44.03	42.95	41.37
59.95	82	1756.6	60	46.32	45.27	44.02	42.96	41.33
60.01	81	1757.7	60	46.3	45.26	44.04	42.97	41.35
59.96	82	1758.8	60	46.3	45.27	44.02	42.97	41.34
60.05	81	1759.9	60	46.3	45.25	44.03	42.97	41.33
60	82	1760.9	60	46.29	45.25	44.03	43	41.41
60	82	1762	60	46.29	45.23	44.04	43	41.41
60.03	81	1763.1	60	46.31	45.28	44.04	43.02	41.41
59.98	82	1764.1	60	46.31	45.26	44.05	43.05	41.43
60.01	81	1765.2	60	46.31	45.25	44.04	43.04	41.4
60.04	81	1766.3	60	46.31	45.27	44.07	43.03	41.39
59.96	82	1767.3	60	46.3	45.27	44.06	43.01	41.37
60	82	1768.4	60	46.29	45.28	44.05	43	41.39
60.05	81	1769.5	60	46.32	45.26	44.08	42.99	41.4
60.04	81	1770.5	60	46.34	45.29	44.09	43.02	41.38
60.03	81	1771.6	60	46.35	45.3	44.05	43.02	41.37
60.05	81	1772.7	60	46.34	45.29	44.05	43.03	41.36
60.02	81	1773.8	60	46.3	45.29	44.04	43.03	41.34
59.99	81	1774.8	60	46.33	45.29	44.07	43	41.33
59.95	82	1775.9	60	46.34	45.28	44.05	42.99	41.35
60.02	81	1777	60	46.3	45.27	44.03	42.99	41.34
59.96	82	1778	60	46.32	45.28	44.05	42.98	41.33
60.01	81	1779.1	60	46.31	45.29	44.03	42.96	41.32
59.99	81	1780.2	60	46.28	45.27	44.01	42.93	41.31
59.97	82	1781.2	60	46.27	45.21	43.99	42.89	41.29
60	81	1782.3	60	46.24	45.19	43.98	42.85	41.27
60.02	81	1783.4	60	46.27	45.22	43.97	42.85	41.26
59.98	82	1784.4	60	46.26	45.24	43.96	42.84	41.25
59.95	82	1785.5	60	46.29	45.23	43.97	42.82	41.23
60	81	1786.6	60	46.26	45.22	43.98	42.82	41.21
59.95	82	1787.6	60	46.29	45.23	43.98	42.85	41.25
59.93	83	1788.7	60	46.3	45.27	44	42.88	41.29
60.01	81	1789.8	60	46.32	45.28	44.02	42.91	41.3
59.95	82	1790.8	60	46.34	45.32	44.03	42.97	41.31
59.97	82	1791.9	60	46.33	45.28	44.05	42.97	41.32
59.94	83	1793	60	46.31	45.28	44.04	42.97	41.32
60.01	82	1794.1	60	46.34	45.28	44.01	42.98	41.37
59.93	83	1795.1	60	46.33	45.29	44.05	42.97	41.39
60.06	81	1796.2	60	46.35	45.29	44.04	42.98	41.4
60.01	82	1797.3	60	46.34	45.3	44.06	43.02	41.4
60.12	80	1798.3	60	46.35	45.32	44.07	43.02	41.39
59.94	83	1799.4	60	46.35	45.27	44.04	42.99	41.38
60.03	81	1800.5	60	46.36	45.31	44.05	42.98	41.38
60.08	80	1801.5	60	46.33	45.27	44.04	42.96	41.35
60.01	81	1802.6	60	46.32	45.27	44.03	42.94	41.34
60.07	80	1803.7	60	46.33	45.27	44.03	42.98	41.35
60.04	81	1804.7	60	46.34	45.27	44.05	43	41.36
59.96	82	1805.8	60	46.35	45.27	44.05	42.99	41.36
60.02	81	1806.9	60	46.34	45.26	44.05	43	41.35
60	82	1808	60	46.29	45.24	44.01	42.95	41.33
60	81	1809	60	46.27	45.21	44	42.93	41.31
60.1	80	1810.1	60	46.3	45.25	44.02	42.94	41.35
60.01	81	1811.2	60	46.32	45.28	44.05	42.98	41.38
59.96	82	1812.2	60	46.33	45.29	44.05	43	41.42
59.98	82	1813.3	60	46.35	45.31	44.07	43.01	41.4
59.95	82	1814.4	60	46.31	45.25	44.03	43.01	41.39
59.96	82	1815.4	60	46.3	45.26	44.01	43.01	41.41
60	81	1816.5	60	46.26	45.25	44.02	43.02	41.41
60.03	81	1817.6	60	46.31	45.25	44.06	43.04	41.43
59.99	82	1818.6	60	46.3	45.25	44.05	43.06	41.42
60.02	81	1819.7	60	46.3	45.24	44.06	43.06	41.42
60.02	81	1820.8	60	46.31	45.27	44.05	43.05	41.41
59.98	82	1821.8	60	46.28	45.24	44.06	43.01	41.38
59.98	82	1822.9	60	46.26	45.24	44.04	42.99	41.34
59.99	82	1824	60	46.25	45.21	44.05	42.99	41.33
59.93	83	1825.1	60	46.25	45.21	44.01	42.99	41.37
59.94	83	1826.1	60	46.29	45.29	44.08	43.02	41.41
59.96	82	1827.2	60	46.33	45.29	44.07	43.03	41.38
60.02	81	1828.3	60	46.32	45.29	44.05	43.03	41.37
60.06	81	1829.3	60	46.3	45.21	44.05	43.05	41.38
60	82	1830.4	60	46.31	45.25	44.04	43.02	41.35
60.05	81	1831.5	60	46.31	45.23	44.04	42.98	41.35
60.05	81	1832.5	60	46.3	45.29	44.06	42.96	41.32
60.01	81	1833.6	60	46.3	45.29	44.03	42.97	41.35
60.06	80	1834.7	60	46.35	45.29	44.06	43.01	41.36
60.1	80	1835.7	60	46.34	45.32	44.05	43.01	41.34
60.07	80	1836.8	60	46.34	45.27	44.03	42.95	41.29
60.06	80	1837.9	60	46.32	45.26	44.01	42.92	41.29
60.11	79	1838.9	60	46.3	45.24	44.01	42.93	41.29
60.09	80	1840	60	46.36	45.25	44.03	42.91	41.27
60.04	80	1841.1	60	46.32	45.32	44.03	42.92	41.27
59.94	82	1842.2	60	46.34	45.3	44.08	42.94	41.3
59.9	83	1843.2	60	46.36	45.3	44.06	42.94	41.32
59.9	83	1844.3	60	46.36	45.31	44.06	42.92	41.32
59.88	83	1845.4	60	46.33	45.3	44.03	42.9	41.32
59.95	82	1846.4	60	46.32	45.28	44.04	42.9	41.29
60.05	80	1847.5	60	46.34	45.33	44.04	42.92	41.3
59.98	82	1848.6	60	46.37	45.34	44.05	42.96	41.37
60.05	81	1849.6	60	46.36	45.34	44.07	43	41.39
59.99	81	1850.7	60	46.42	45.32	44.11	43.04	41.4
59.98	82	1851.8	60	46.42	45.35	44.1	43.07	41.46
59.99	82	1852.8	60	46.37	45.3	44.14	43.12	41.47
59.9	83	1853.9	60	46.37	45.34	44.07	43.11	41.43
60	81	1855	60	46.34	45.28	44.06	43.09	41.42
59.96	82	1856	60	46.35	45.32	44.1	43.11	41.42
60	81	1857.1	60	46.3	45.29	44.08	43.04	41.4
59.89	83	1858.2	60	46.35	45.3	44.02	43	41.37
59.99	82	1859.3	60	46.3	45.27	44.02	43.02	41.39
59.91	83	1860.3	60	46.32	45.3	44.06	42.98	41.33
60.05	81	1861.4	60	46.32	45.27	44	42.93	41.31
59.96	82	1862.5	60	46.32	45.29	44.05	42.91	41.3
59.9	83	1863.5	60	46.33	45.3	44.03	42.96	41.31
60.04	81	1864.6	60	46.31	45.34	44.07	42.98	41.34
59.99	82	1865.7	60	46.37	45.29	44.08	43	41.29
60.1	80	1866.7	60	46.34	45.33	44.07	42.96	41.32
60.05	81	1867.8	60	46.37	45.28	44.06	42.95	41.31
59.98	82	1868.9	60	46.33	45.33	44.05	42.94	41.36
60.05	81	1869.9	60	46.34	45.32	44.09	42.93	41.32
60.02	81	1871	60	46.34	45.36	44.05	42.95	41.26
59.97	82	1872.1	60	46.29	45.33	44.04	42.91	41.29
59.92	83	1873.1	60	46.34	45.29	44	42.88	41.27
59.94	83	1874.2	60	46.32	45.32	44.01	42.89	41.26
60.01	82	1875.3	60	46.3	45.36	44.05	42.9	41.31
59.9	83	1876.4	60	46.45	45.33	43.97	42.9	41.25
59.98	82	1877.4	60	46.35	45.32	43.99	42.93	41.25
59.83	85	1878.5	60	46.38	45.35	44.04	42.91	41.3
60.03	82	1879.6	60	46.29	45.34	44.06	42.91	41.32
59.98	82	1880.6	60	46.3	45.31	44.06	42.93	41.29
59.91	83	1881.7	60	46.3	45.24	43.98	42.85	41.35
60.03	82	1882.8	60	46.26	45.3	44.04	42.92	41.38
59.98	82	1883.8	60	46.37	45.29	44.09	42.92	41.34
60.06	81	1884.9	60	46.38	45.28	44.04	42.96	41.35
59.94	83	1886	60	46.33	45.29	44.07	42.99	41.32
60.12	80	1887	60	46.33	45.29	44.06	42.98	41.37
59.99	82	1888.1	60	46.37	45.35	44.07	43.04	41.45
60.07	81	1889.2	60	46.38	45.25	44.08	43.04	41.38
60.05	81	1890.2	60	46.38	45.3	44.1	43.02	41.36
59.96	82	1891.3	60	46.36	45.29	44.05	43	41.35
59.94	83	1892.4	60	46.3	45.27	44.03	42.96	41.32
60.03	82	1893.4	60	46.29	45.31	43.99	43.01	41.29
60.05	81	1894.5	60	46.37	45.29	43.98	42.91	41.36
59.97	82	1895.6	60	46.26	45.28	44.04	42.9	41.29
60.16	79	1896.7	60	46.25	45.34	44.04	42.92	41.35
60.13	80	1897.7	60	46.32	45.41	43.98	42.96	41.36
60.06	81	1898.8	60	46.38	45.34	44.15	42.96	41.34
59.97	82	1899.9	60	46.38	45.43	43.97	42.87	41.35
59.96	82	1900.9	60	46.42	45.34	44.05	42.95	41.33
60.03	81	1902	60	46.32	45.35	44.02	42.95	41.33
60.08	80	1903.1	60	46.29	45.27	44.11	42.89	41.36
60.18	79	1904.1	60	46.27	45.4	43.92	42.84	41.15
60.01	81	1905.2	60	46.37	45.31	44.04	43.09	41.41
60.01	81	1906.3	60	46.31	45.06	43.95	42.89	41.31
60	81	1907.3	60	46.38	45.47	43.99	42.89	41.3
59.85	84	1908.4	60	46.34	45.3	44.04	42.87	41.38
59.96	82	1909.5	60	46.3	45.39	44.02	42.84	41.29
59.77	85	1910.6	60	46.55	45.37	44.02	42.9	41.31
60.06	81	1911.6	60	46.36	45.32	43.98	42.88	41.39
60.07	81	1912.7	60	46.21	45.55	44.06	42.91	41.24
59.8	85	1913.8	60	46.1	45.56	44.16	43.02	41.42
59.78	85	1914.8	60	46.25	45.3	43.98	42.82	41.43
59.91	84	1915.9	60	46.44	45.13	44.08	42.95	41.39
59.96	83	1917	60	46.35	45.32	44.09	43	41.46
60.17	79	1918	60	46.37	45.35	44.09	43.07	41.45
59.96	83	1919.1	60	46.39	45.37	44.17	43.05	41.39
60.27	78	1920.2	60	46.25	45.36	44.08	43.24	41.37
60.14	79	1921.2	60	46.5	45.2	44.13	42.91	41.54
60.23	78	1922.3	60	46.51	45.17	44.04	43.06	41.47
59.97	82	1923.4	60	46.23	45.44	43.99	43.04	41.31
59.86	84	1924.4	60	46.37	45.37	43.93	42.99	41.4
59.85	84	1925.5	60	46.53	45.33	44.23	43.08	41.4
59.62	88	1926.6	60	46.41	45.32	43.91	42.94	41.5
59.9	84	1927.7	60	46.38	45.33	44.08	43.05	41.42
60.22	79	1928.7	60	46.36	45.29	44.06	43.04	41.35
60.06	81	1929.8	60	46.27	45.35	44.03	43.08	41.32
59.94	83	1930.9	60	46.35	45.23	44.02	43	41.33
59.91	83	1931.9	60	46.3	45.3	44	42.93	41.32
59.85	84	1933	60	46.24	45.24	44.01	42.92	41.4
60.1	81	1934.1	60	46.2	45.29	43.98	42.85	41.31
59.97	83	1935.1	60	46.36	45.3	43.96	42.88	41.34
60.4	76	1936.2	60	46.24	45.28	43.79	42.74	41.22
60.17	79	1937.3	60	46.22	45.3	44.01	42.87	41.31
60.09	80	1938.3	60	46.28	45.39	43.98	42.88	41.11
59.7	86	1939.4	60	46.19	45.21	43.99	42.76	41.25
59.66	87	1940.5	60	46.45	45.32	43.92	42.88	41.26
59.95	83	1941.5	60	46.31	45.03	44.2	42.91	41.24
59.78	86	1942.6	60	46.52	45.24	44.11	42.93	41.37
60.08	81	1943.7	60	46.31	45.32	43.96	43.03	41.39
60.36	77	1944.8	60	46.35	45.3	44.09	43.09	41.4
60.2	79	1945.8	60	46.38	45.26	44.24	42.89	41.38
59.91	83	1946.9	60	46.49	45.4	44.22	43.09	41.36
60.11	80	1948	60	46.32	45.2	44.08	42.97	41.32
60.06	81	1949	60	46.39	45.33	44.11	42.98	41.38
60.06	81	1950.1	60	46.44	45.33	44.08	43.03	41.24
59.59	88	1951.2	60	46.4	45.36	44.18	43.03	41.45
60.09	81	1952.2	60	46.36	45.38	44.1	43.05	41.41
60.1	80	1953.3	60	46.36	45.33	44.08	43.08	41.42
60.03	81	1954.4	60	46.36	45.35	44.06	43.01	41.39
60	82	1955.4	60	46.35	45.33	44.07	42.98	41.34
59.98	82	1956.5	60	46.38	45.33	44.07	42.97	41.34
60.15	79	1957.6	60	46.38	45.39	44.07	43.03	41.39
60.01	82	1958.6	60	46.42	45.4	44.13	43	41.47
60.01	81	1959.7	60	46.16	45.42	44.14	43.03	41.39
60.03	81	1960.8	60	46.46	45.4	44.01	42.98	41.41
60.13	79	1961.9	60	46.33	45.28	44.1	43.02	41.37
60.01	81	1962.9	60	46.48	45.35	44.1	42.99	41.39
59.96	82	1964	60	46.4	45.29	44.1	43.01	41.35
60.04	81	1965.1	60	46.39	45.27	44.04	42.99	41.32
59.97	82	1966.1	60	46.36	45.29	44.11	42.98	41.38
60.01	81	1967.2	60	46.41	45.31	44.04	43	41.4
59.96	82	1968.3	60	46.42	45.33	44.1	43.07	41.44
59.96	82	1969.3	60	46.42	45.36	44.12	43.08	41.46
60.03	81	1970.4	60	46.38	45.34	44.16	43.09	41.41
59.92	83	1971.5	60	46.38	45.33	44.11	43.08	41.4
59.96	82	1972.5	60	46.35	45.31	44.09	43.03	41.35
59.94	83	1973.6	60	46.41	45.36	44.09	43.04	41.34
59.92	83	1974.7	60	46.42	45.35	44.1	42.99	41.32
60.1	80	1975.8	60	46.46	45.32	44.09	42.99	41.38
60.01	82	1976.8	60	46.42	45.37	44.08	43	41.4
60.16	79	1977.9	60	46.39	45.34	44.08	43.05	41.42
60.2	78	1979	60	46.41	45.35	44.12	43.07	41.38
60.04	81	1980	60	46.33	45.29	44.11	43.02	41.37
60.05	80	1981.1	60	46.37	45.33	44.08	43.01	41.41
60.02	81	1982.2	60	46.33	45.31	44.06	42.99	41.37
59.91	82	1983.2	60	46.35	45.33	44.04	43	41.38
60.02	81	1984.3	60	46.34	45.32	44.04	43.01	41.33
59.97	82	1985.4	60	46.37	45.33	44.02	42.95	41.32
59.99	81	1986.4	60	46.32	45.29	44.08	42.93	41.32
60.02	81	1987.5	60	46.38	45.32	44.08	42.97	41.34
59.99	81	1988.6	60	46.4	45.34	44.1	42.95	41.33
59.94	82	1989.6	60	46.33	45.38	44.1	43	41.39
60.01	81	1990.7	60	46.34	45.33	44.13	42.92	41.33
60.05	80	1991.8	60	46.33	45.29	44.07	42.91	41.31
59.93	82	1992.9	60	46.34	45.31	44.05	42.92	41.29
59.95	82	1993.9	60	46.45	45.33	44.04	42.91	41.29
59.98	82	1995	60	46.37	45.3	44.02	42.9	41.31
59.94	82	1996.1	60	46.39	45.31	44.08	42.94	41.32
59.83	84	1997.1	60	46.37	45.35	44.1	42.99	41.36
59.94	83	1998.2	60	46.37	45.35	44.11	43.01	41.38
60	82	1999.3	60	46.39	45.39	44.08	42.99	41.39
60.01	82	2000.3	60	46.42	45.38	44.07	43	41.35
59.94	83	2001.4	60	46.41	45.37	44.11	43.03	41.37
60.03	81	2002.5	60	46.41	45.42	44.14	43.05	41.38
60.01	82	2003.5	60	46.44	45.38	44.17	43.09	41.41
60	82	2004.6	60	46.44	45.41	44.08	43.08	41.42
59.99	82	2005.7	60	46.43	45.38	44.15	43.11	41.43
59.98	82	2006.7	60	46.42	45.36	44.09	43.11	41.4
60	82	2007.8	60	46.39	45.37	44.12	43.06	41.35
59.97	82	2008.9	60	46.39	45.37	44.15	43.05	41.37
60.07	81	2010	60	46.42	45.4	44.13	43.06	41.34
60.04	81	2011	60	46.46	45.4	44.12	43.09	41.37
59.97	82	2012.1	60	46.45	45.39	44.13	43.07	41.38
59.93	83	2013.2	60	46.4	45.38	44.13	43.06	41.37
60.12	80	2014.2	60	46.44	45.37	44.1	43.02	41.33
60.04	81	2015.3	60	46.37	45.37	44.1	42.99	41.33
60.09	80	2016.4	60	46.41	45.36	44.13	42.99	41.35
59.91	83	2017.4	60	46.43	45.41	44.12	43.03	41.36
59.95	82	2018.5	60	46.45	45.38	44.13	43.01	41.34
60.06	81	2019.6	60	46.39	45.38	44.12	42.98	41.31
60.04	81	2020.6	60	46.38	45.33	44.13	43	41.34
60.15	79	2021.7	60	46.34	45.38	44.12	42.96	41.32
59.97	82	2022.8	60	46.34	45.36	44.06	43.02	41.36
60.02	81	2023.8	60	46.42	45.36	44.11	43.06	41.36
60.05	81	2024.9	60	46.39	45.37	44.13	43.01	41.39
60.07	80	2026	60	46.46	45.39	44.14	43.02	41.38
60.09	80	2027.1	60	46.43	45.37	44.17	43.03	41.42
59.86	83	2028.1	60	46.42	45.41	44.2	43.12	41.38
60	81	2029.2	60	46.42	45.41	44.17	43.1	41.46
59.96	82	2030.3	60	46.42	45.44	44.17	43.09	41.48
59.84	84	2031.3	60	46.47	45.37	44.13	43.09	41.4
59.94	83	2032.4	60	46.4	45.35	44.09	43.08	41.44
60.03	81	2033.5	60	46.45	45.36	44.15	43.04	41.37
59.95	82	2034.5	60	46.4	45.37	44.15	43.01	41.35
60	82	2035.6	60	46.43	45.4	44.14	42.95	41.31
59.98	82	2036.7	60	46.4	45.41	44.1	42.99	41.37
60.04	81	2037.7	60	46.46	45.43	44.13	43.05	41.39
60.04	81	2038.8	60	46.46	45.4	44.16	43.07	41.47
60.03	81	2039.9	60	46.46	45.44	44.15	43.08	41.5
60.04	81	2040.9	60	46.48	45.43	44.19	43.13	41.54
59.93	83	2042	60	46.48	45.44	44.2	43.14	41.55
59.98	82	2043.1	60	46.51	45.43	44.2	43.15	41.54
59.98	82	2044.2	60	46.46	45.42	44.16	43.12	41.49
60.01	81	2045.2	60	46.43	45.38	44.16	43.12	41.49
59.94	83	2046.3	60	46.43	45.39	44.16	43.09	41.44
60	82	2047.4	60	46.42	45.35	44.11	43.07	41.43
60	82	2048.4	60	46.38	45.36	44.12	43.05	41.41
60.1	80	2049.5	60	46.42	45.39	44.15	43.04	41.39
59.89	83	2050.6	60	46.45	45.39	44.15	43.07	41.43
60.04	81	2051.6	60	46.42	45.44	44.19	43.06	41.43
60.04	81	2052.7	60	46.46	45.4	44.19	43.08	41.39
59.96	82	2053.8	60	46.5	45.42	44.18	43.17	41.43
60.06	81	2054.8	60	46.47	45.39	44.22	43.2	41.47
60	82	2055.9	60	46.42	45.43	44.19	43.19	41.53
59.95	82	2057	60	46.46	45.4	44.18	43.2	41.52
60.06	81	2058	60	46.37	45.38	44.18	43.16	41.55
60.13	79	2059.1	60	46.44	45.38	44.16	43.18	41.5
60.13	79	2060.2	60	46.43	45.3	44.18	43.09	41.45
59.96	82	2061.3	60	46.36	45.35	44.14	43.07	41.44
59.94	82	2062.3	60	46.36	45.33	44.14	43.08	41.44
60.03	81	2063.4	60	46.36	45.39	44.15	43.05	41.43
60.03	81	2064.5	60	46.45	45.41	44.16	43.09	41.44
60	81	2065.5	60	46.44	45.42	44.2	43.1	41.48
60.02	81	2066.6	60	46.43	45.44	44.17	43.14	41.53
60	81	2067.7	60	46.44	45.4	44.19	43.15	41.51
60.08	80	2068.7	60	46.41	45.38	44.19	43.11	41.47
60.01	81	2069.8	60	46.41	45.4	44.18	43.11	41.43
59.96	82	2070.9	60	46.43	45.39	44.19	43.1	41.46
60.06	80	2071.9	60	46.44	45.42	44.19	43.12	41.46
59.9	83	2073	60	46.45	45.4	44.2	43.14	41.5
60.01	81	2074.1	60	46.46	45.41	44.21	43.13	41.52
60.04	81	2075.2	60	46.45	45.43	44.18	43.18	41.51
60.04	81	2076.2	60	46.43	45.38	44.19	43.15	41.51
60.02	81	2077.3	60	46.42	45.42	44.17	43.17	41.48
59.97	82	2078.4	60	46.42	45.44	44.17	43.14	41.49
59.97	82	2079.4	60	46.41	45.42	44.14	43.12	41.46
59.96	82	2080.5	60	46.41	45.35	44.15	43.11	41.43
59.94	82	2081.6	60	46.37	45.37	44.13	43.06	41.45
59.98	82	2082.6	60	46.32	45.36	44.13	43.06	41.45
59.95	82	2083.7	60	46.43	45.39	44.17	43.06	41.42
59.98	82	2084.8	60	46.42	45.42	44.14	43.06	41.46
60.04	81	2085.8	60	46.4	45.41	44.23	43.13	41.52
59.95	82	2086.9	60	46.47	45.41	44.17	43.15	41.57
60.02	81	2088	60	46.41	45.44	44.17	43.16	41.54
60.03	81	2089	60	46.45	45.42	44.22	43.19	41.57
60.05	81	2090.1	60	46.4	45.41	44.17	43.14	41.56
59.96	82	2091.2	60	46.43	45.39	44.16	43.12	41.53
60.09	80	2092.3	60	46.45	45.41	44.16	43.12	41.47
59.89	83	2093.3	60	46.43	45.41	44.15	43.08	41.5
59.94	82	2094.4	60	46.45	45.42	44.16	43.1	41.49
60.02	81	2095.5	60	46.46	45.41	44.19	43.1	41.49
60.03	81	2096.5	60	46.46	45.44	44.2	43.14	41.49
60.06	81	2097.6	60	46.48	45.43	44.21	43.12	41.45
59.95	82	2098.7	60	46.47	45.42	44.19	43.1	41.42
59.95	82	2099.7	60	46.46	45.46	44.16	43.06	41.41
60.03	81	2100.8	60	46.44	45.42	44.18	43.05	41.42
59.93	83	2101.9	60	46.47	45.45	44.2	43.06	41.46
60.04	81	2102.9	60	46.49	45.45	44.2	43.11	41.48
60.01	81	2104	60	46.46	45.44	44.21	43.1	41.49
59.99	82	2105.1	60	46.45	45.43	44.16	43.1	41.43
60.05	81	2106.1	60	46.44	45.39	44.14	43.07	41.46
60.01	81	2107.2	60	46.44	45.43	44.19	43.11	41.48
60.02	81	2108.3	60	46.49	45.45	44.17	43.13	41.53
60	81	2109.4	60	46.47	45.42	44.2	43.15	41.52
59.98	82	2110.4	60	46.44	45.42	44.19	43.15	41.5
59.97	82	2111.5	60	46.42	45.4	44.19	43.08	41.46
59.93	82	2112.6	60	46.43	45.4	44.14	43.08	41.44
59.94	82	2113.6	60	46.41	45.39	44.11	43.02	41.43
59.98	0	2114.7	60	46.42	45.4	44.13	43.04	41.4
59.93	0	2115.8	60	46.45	45.41	44.15	43.03	41.42
59.57	0	2117.9	60	46.48	45.43	44.19	43.04	41.44
59.03	0	2119.1	60	46.5	45.46	44.19	43.08	41.45
58.45	0	2120.2	60	46.51	45.47	44.23	43.09	41.46
57.73	0	2121.3	60	46.47	45.5	44.23	43.14	41.51
57.1	0	2122.5	60	46.45	45.46	44.23	43.19	41.54
56.61	0	2123.6	60	46.39	45.45	44.25	43.2	41.53
55.96	0	2124.8	60	46.37	45.42	44.2	43.21	41.51
55.34	0	2125.9	60	46.24	45.39	44.19	43.14	41.48
54.79	0	2127	60	46.19	45.31	44.14	43.09	41.45
54.1	0	2128.2	60	46.09	45.25	44.11	43.04	41.4
53.62	0	2129.3	60	46.01	45.19	44.04	43	41.38
53.04	0	2130.5	60	45.93	45.15	44.01	42.96	41.38
52.55	-255	2131.6	30	45.86	45.08	43.99	42.97	41.38
52.09	-255	2132.7	30	45.77	45.03	43.94	42.95	41.42
51.34	-255	2133.7	30	45.69	44.97	43.95	42.94	41.44
50.37	-255	2134.8	30	45.62	44.94	43.93	42.97	41.39
49.23	-255	2135.9	30	45.52	44.82	43.83	42.94	41.39
48.08	-255	2136.9	30	45.42	44.78	43.78	42.88	41.35
46.94	-255	2138	30	45.29	44.72	43.74	42.87	41.33
45.73	-255	2139.1	30	45.18	44.64	43.67	42.77	41.31
44.68	-255	2140.1	30	45	44.49	43.64	42.77	41.31
43.56	-255	2141.2	30	44.84	44.4	43.56	42.72	41.3
42.32	-255	2142.3	30	44.69	44.26	43.46	42.64	41.29
41.28	-255	2143.4	30	44.48	44.18	43.4	42.58	41.21
40.16	-255	2144.4	30	44.34	44.02	43.26	42.54	41.23
39.17	-255	2145.5	30	44.15	43.88	43.22	42.48	41.17
38.18	-120	2146.6	30	43.91	43.75	43.1	42.42	41.14
37.23	-115	2147.6	30	43.78	43.66	43.01	42.36	41.17
36.39	-110	2148.7	30	43.58	43.47	42.92	42.3	41.12
35.84	-109	2149.8	30	43.35	43.3	42.79	42.18	41.11
35.3	-107	2150.9	30	43.12	43.15	42.67	42.11	41.02
34.79	-105	2151.9	30	42.9	42.94	42.53	42.05	40.97
34.5	-106	2153	30	42.69	42.82	42.42	41.93	40.94
34.15	-106	2154.1	30	42.5	42.63	42.26	41.83	40.89
33.74	-104	2155.2	30	42.31	42.46	42.14	41.7	40.83
33.39	-103	2156.2	30	42.14	42.29	42.03	41.66	40.78
33.16	-104	2157.3	30	41.96	42.19	41.91	41.59	40.79
32.75	-101	2158.4	30	41.78	42.01	41.8	41.53	40.73
32.52	-0	2159.5	30	41.62	41.88	41.69	41.48	40.75
32.14	-0	2160.5	30	41.47	41.76	41.6	41.43	40.72
31.97	-0	2161.6	30	41.35	41.66	41.47	41.36	40.67
31.85	-0	2162.7	30	41.17	41.52	41.37	41.28	40.59
31.85	-0	2163.8	30	41.03	41.36	41.28	41.22	40.54
31.8	-0	2164.9	30	40.86	41.26	41.14	41.14	40.47
31.8	-0	2165.9	30	40.74	41.12	41.08	41.05	40.41
31.8	-0	2167	30	40.6	40.99	40.94	40.94	40.33
31.78	-0	2168.1	30	40.45	40.83	40.81	40.86	40.26
31.79	-0	2169.2	30	40.3	40.71	40.69	40.75	40.18
31.76	-0	2170.2	30	40.15	40.56	40.57	40.65	40.09
31.75	-0	2171.3	30	40	40.44	40.45	40.49	40
31.74	-62	2172.4	30	39.9	40.31	40.31	40.36	39.93
31.74	-64	2173.5	30	39.78	40.19	40.21	40.27	39.85
31.61	0	2174.5	30	39.66	40.09	40.09	40.16	39.8
31.44	0	2175.6	30	39.57	40	40	40.07	39.73
31.36	0	2176.7	30	39.46	39.89	39.92	39.98	39.66
31.27	0	2177.7	30	39.34	39.79	39.81	39.89	39.58
31.2	0	2178.8	30	39.22	39.69	39.73	39.8	39.54
31.12	0	2179.9	30	39.12	39.6	39.65	39.74	39.5
31.06	0	2180.9	30	39.04	39.51	39.57	39.67	39.42
31	0	2182	30	38.92	39.41	39.46	39.59	39.35
30.98	0	2183	30	38.82	39.31	39.39	39.51	39.29
30.97	0	2184.1	30	38.72	39.21	39.3	39.43	39.23
30.98	0	2185.2	30	38.63	39.11	39.2	39.35	39.18
30.86	0	2186.2	30	38.54	39.02	39.11	39.29	39.14
30.74	0	2187.3	30	38.44	38.91	39.03	39.24	39.08
30.77	0	2188.4	30	38.35	38.82	38.95	39.17	39.02
30.72	0	2189.4	30	38.26	38.73	38.86	39.09	38.95
30.65	0	2190.5	30	38.16	38.63	38.76	39	38.86
30.57	0	2191.6	30	38.05	38.53	38.66	38.89	38.78
30.6	0	2192.6	30	37.97	38.46	38.59	38.8	38.7
30.5	0	2193.7	30	37.86	38.36	38.47	38.71	38.62
30.46	0	2194.8	30	37.78	38.27	38.4	38.61	38.55
30.45	0	2195.8	30	37.69	38.18	38.3	38.52	38.48
30.42	0	2196.9	30	37.61	38.07	38.21	38.45	38.4
30.35	0	2198	30	37.52	38.01	38.13	38.36	38.34
30.3	0	2199	30	37.43	37.94	38.06	38.28	38.28
30.27	0	2200.1	30	37.37	37.85	37.99	38.22	38.24
30.16	0	2201.2	30	37.29	37.78	37.91	38.17	38.2
30.15	0	2202.2	30	37.23	37.71	37.84	38.11	38.15
30.05	0	2203.3	30	37.13	37.61	37.75	38.03	38.07
30.01	0	2204.4	30	37.05	37.52	37.67	37.96	37.98
29.91	0	2205.4	30	36.97	37.44	37.59	37.87	37.92
29.97	0	2206.5	30	36.9	37.38	37.53	37.82	37.87
29.91	0	2207.5	30	36.84	37.32	37.48	37.75	37.82
29.76	0	2208.6	30	36.77	37.27	37.4	37.68	37.76
29.78	0	2209.7	30	36.69	37.19	37.34	37.6	37.7
29.66	0	2210.7	30	36.63	37.12	37.27	37.55	37.63
29.69	0	2211.8	30	36.56	37.04	37.19	37.47	37.58
29.6	0	2212.9	30	36.48	36.97	37.12	37.41	37.51
29.58	0	2213.9	30	36.4	36.9	37.05	37.33	37.46
29.59	0	2215	30	36.32	36.82	36.99	37.27	37.37
29.48	0	2216.1	30	36.26	36.76	36.92	37.19	37.34
29.46	0	2217.1	30	36.19	36.7	36.88	37.17	37.31
29.39	0	2218.2	30	36.14	36.64	36.83	37.15	37.31
29.32	0	2219.3	30	36.08	36.59	36.78	37.11	37.29
29.29	0	2220.3	30	36.04	36.53	36.74	37.09	37.25
29.25	0	2221.4	30	36	36.49	36.67	37.07	37.23
29.21	0	2222.4	30	35.89	36.41	36.61	37.04	37.18
29.15	0	2223.5	30	35.84	36.37	36.54	36.98	37.14
29.11	0	2224.6	30	35.79	36.3	36.48	36.93	37.07
29.1	0	2225.6	30	35.74	36.22	36.39	36.87	37
29.03	0	2226.7	30	35.66	36.15	36.34	36.8	36.97
28.95	0	2227.8	30	35.57	36.07	36.28	36.73	36.9
28.94	0	2228.8	30	35.5	36	36.19	36.66	36.85
28.89	0	2229.9	30	35.42	35.93	36.14	36.59	36.77
28.84	0	2231	30	35.36	35.87	36.06	36.53	36.71
28.88	0	2232	30	35.3	35.8	36.02	36.46	36.62
28.73	0	2233.1	30	35.25	35.76	35.96	36.41	36.58
28.72	0	2234.1	30	35.19	35.67	35.9	36.36	36.55
28.67	0	2235.2	30	35.11	35.62	35.86	36.32	36.54
28.66	0	2236.3	30	35.06	35.57	35.78	36.27	36.5
28.67	0	2237.3	30	35	35.54	35.74	36.23	36.46
28.63	0	2238.4	30	34.99	35.48	35.68	36.16	36.41
28.56	0	2239.5	30	34.89	35.43	35.66	36.12	36.38
28.54	0	2240.5	30	34.85	35.34	35.56	36.05	36.34
28.49	0	2241.6	30	34.78	35.32	35.51	36	36.31
28.44	0	2242.7	30	34.75	35.24	35.49	35.96	36.27
28.33	0	2243.7	30	34.67	35.22	35.43	35.92	36.22
28.41	0	2244.8	30	34.69	35.15	35.37	35.89	36.18