Temperature	PWM	Time
19.97,0,1.4
19.98,0,2.2
20.02,0,3
20.04,0,3.9
20.06,0,4.7
20.1,0,5.5
20.12,0,6.3
20.13,0,7.1
20.17,0,7.9
20.2,0,8.8
20.24,0,9.6
20.26,0,10.4
20.28,0,11.2
20.32,0,12.1
20.34,0,12.9
20.36,0,13.8
20.4,0,14.7
20.42,0,15.6
20.43,0,16.4
20.47,0,17.3
20.49,0,18.2
20.5,0,19.1
20.52,0,20
20.55,0,20.8
20.56,0,21.7
20.57,0,22.6
20.59,209,23.5
20.63,208,24.3
20.87,205,25.2
21.36,198,26.1
22.01,188,27
22.75,178,27.8
23.55,255,28.7
24.37,255,29.6
25.28,255,30.5
26.26,255,31.3
27.28,255,32.2
28.33,255,33.1
29.39,255,34
30.45,255,34.9
31.49,255,35.7
32.53,255,36.6
33.56,255,37.5
34.57,255,38.4
35.56,255,39.2
36.52,255,40.1
37.46,255,41
38.38,255,41.9
39.27,255,42.8
40.14,255,43.6
40.99,255,44.5
41.82,255,45.4
42.63,255,46.3
43.41,255,47.2
44.19,235,48
44.94,206,48.9
45.67,177,49.8
46.33,147,50.7
46.92,117,51.6
47.41,88,52.4
47.79,59,53.3
48.06,32,54.2
48.16,8,55.1
48.17,-16,55.9
48.13,-38,56.8
47.93,-58,57.7
47.63,-76,58.6
47.26,-92,59.5
46.84,-106,60.3
46.37,-119,61.2
45.87,-130,62.1
45.33,-141,63
44.76,-149,63.9
44.19,-157,64.7
43.59,-163,65.6
42.99,-168,66.5
42.38,-171,67.4
41.76,-174,68.3
41.14,-175,69.1
40.52,-176,70
39.91,-175,70.9
39.3,-173,71.8
38.7,-171,72.7
38.11,-167,73.5
37.53,-163,74.4
36.97,-158,75.3
36.43,-152,76.2
35.9,-146,77.1
35.39,-139,77.9
34.9,-132,78.8
34.43,-123,79.7
33.98,-115,80.6
33.56,-106,81.5
33.16,-97,82.3
32.78,-87,83.2
32.43,-77,84.1
32.1,-67,85
31.8,-57,85.9
31.52,-47,86.7
31.27,-36,87.6
31.04,-26,88.5
30.83,-15,89.4
30.65,-5,90.2
30.48,5,91.1
30.34,16,92
30.22,26,92.9
30.14,36,93.7
30.09,45,94.6
30.08,54,95.5
30.12,62,96.4
30.18,69,97.2
30.29,76,98.1
30.44,82,99
30.62,86,99.9
30.83,91,100.7
31.08,94,101.6
31.34,96,102.5
31.63,98,103.4
31.94,98,104.3
32.25,99,105.1
32.57,98,106
32.9,97,106.9
33.23,95,107.8
33.55,93,108.6
33.87,90,109.5
34.17,87,110.4
34.46,83,111.3
34.74,79,112.2
35,75,113
35.24,71,113.9
35.46,67,114.8
35.65,63,115.7
35.83,59,116.5
35.98,55,117.4
36.11,51,118.3
36.21,48,119.2
36.29,44,120.1
36.36,41,120.9
36.4,38,121.8
36.44,34,122.7
36.45,32,123.6
36.44,29,124.5
36.4,27,125.3
36.37,26,126.2
36.31,24,127.1
36.25,23,128
36.18,22,128.8
36.1,21,129.7
36.01,21,130.6
35.91,21,131.5
35.81,21,132.4
35.71,21,133.2
35.61,21,134.1
35.51,22,135
35.41,23,135.9
35.32,24,136.8
35.23,25,137.6
35.14,26,138.5
35.06,27,139.4
34.97,28,140.3
34.91,29,141.1
34.85,30,142
34.79,32,142.9
34.73,33,143.8
34.7,34,144.7
34.65,35,145.5
34.62,36,146.4
34.61,37,147.3
34.6,38,148.2
34.58,39,149
34.57,40,149.9
34.57,41,150.8
34.58,41,151.7
34.6,42,152.5
34.61,42,153.4
34.62,43,154.3
34.64,43,155.2
34.67,43,156.1
34.7,43,156.9
34.72,44,157.8
34.75,44,158.7
34.78,44,159.6
34.8,44,160.4
34.84,43,161.3
34.87,43,162.2
34.89,43,163.1
34.91,43,164
34.95,42,164.8
34.96,42,165.7
34.97,42,166.6
34.99,42,167.5
35.01,41,168.3
35.03,41,169.2
35.05,41,170.1
35.05,41,171
35.06,40,171.9
35.06,40,172.7
35.07,40,173.6
35.07,40,174.5
35.07,40,175.4
35.07,40,176.2
35.07,40,177.1
35.07,39,178
35.07,39,178.9
35.07,39,179.8
35.06,39,180.6
35.06,39,181.5
35.06,39,182.4
35.06,39,183.3
35.06,39,184.2
35.06,39,185
35.05,39,185.9
35.05,39,186.8
35.05,39,187.7
35.04,39,188.5
35.04,39,189.4
35.04,39,190.3
35.04,39,191.2
35.03,39,192.1
35.03,39,192.9
35.02,39,193.8
35.02,39,194.7
35.02,39,195.6
35.02,39,196.5
35.01,39,197.3
35.01,39,198.2
35,39,199.1
35,39,200
34.99,39,200.8
34.99,39,201.7
34.98,39,202.6
34.98,39,203.5
34.98,39,204.4
34.98,39,205.2
34.98,39,206.1
34.97,39,207
34.97,39,207.9
34.98,39,208.7
34.98,39,209.6
34.98,40,210.5
34.98,40,211.4
34.98,40,212.3
34.99,40,213.1
34.99,40,214
34.99,39,214.9
35,39,215.8
35.01,39,216.6
35.01,39,217.5
35.01,39,218.4
35.02,39,219.3
35.02,39,220.2
35.02,39,221
35.02,39,221.9
35.02,39,222.8
35.03,39,223.7
35.03,39,224.5
35.03,39,225.4
35.02,39,226.3
35.03,38,227.2
35.03,38,228.1
35.03,38,228.9
35.03,38,229.8
35.02,38,230.7
35.02,38,231.6
35.01,38,232.5
35.01,38,233.3
35,39,234.2
35,39,235.1
35,39,236
34.99,39,236.8
35,39,237.7
35,39,238.6
35,39,239.5
35,39,240.4
35.01,39,241.2
35.01,38,242.1
35.02,38,243
35.02,38,243.9
35.02,38,244.7
35.02,38,245.6
35.02,38,246.5
35.01,38,247.4
35.01,38,248.3
35,38,249.1
34.99,39,250
34.99,39,250.9
34.98,39,251.8
34.98,39,252.6
34.98,39,253.5
34.98,39,254.4
34.98,39,255.3
34.98,39,256.2
34.98,39,257
34.99,39,257.9
34.99,39,258.8
34.99,39,259.7
35,39,260.5
35,39,261.4
35,39,262.3
35.01,39,263.2
35.01,39,264.1
35.01,39,264.9
35.01,38,265.8
35.02,38,266.7
35.02,38,267.6
35.02,38,268.5
35.01,38,269.3
35.01,38,270.2
35.01,38,271.1
35,38,272
35,38,272.8
35,39,273.7
34.99,39,274.6
34.99,39,275.5
34.98,39,276.4
34.98,39,277.2
34.98,39,278.1
34.97,39,279
34.98,39,279.9
34.98,39,280.7
34.97,39,281.6
34.97,39,282.5
34.97,39,283.4
34.97,39,284.3
34.97,39,285.1
34.98,39,286
34.98,39,286.9
34.98,39,287.8
34.98,39,288.6
34.98,39,289.5
34.99,39,290.4
34.99,39,291.3
34.99,39,292.1
35,39,293
35,39,293.9
35.01,39,294.8
35.01,39,295.7
35.02,39,296.5
35.02,39,297.4
35.03,39,298.3
35.03,38,299.2
35.04,38,300.1
35.04,38,300.9
35.04,38,301.8
35.04,38,302.7
35.03,38,303.6
35.03,38,304.4
35.03,38,305.3
35.02,38,306.2
35.01,38,307.1
35.01,38,308
35,38,308.8
34.99,39,309.7
34.99,39,310.6
34.99,39,311.5
34.98,39,312.3
34.99,39,313.2
34.98,39,314.1
34.99,39,315
34.99,39,315.9
34.98,39,316.7
34.99,39,317.6
34.99,39,318.5
34.99,39,319.4
34.99,39,320.2
35,39,321.1
35,39,322
35,39,322.9
35,39,323.8
35.01,39,324.6
35.02,38,325.5
35.02,38,326.4
35.02,38,327.3
35.02,38,328.1
35.02,38,329
35.01,38,329.9
35,39,330.8
35,39,331.7
34.99,39,332.5
34.99,39,333.4
34.98,39,334.3
34.98,39,335.2
34.98,39,336
34.98,39,336.9
34.98,39,337.8
34.98,39,338.7
34.98,39,339.6
34.98,39,340.4
34.98,39,341.3
34.98,39,342.2
34.99,39,343.1
34.99,39,343.9
34.99,39,344.8
34.99,39,345.7
34.99,39,346.6
34.99,39,347.5
34.98,39,348.3
34.98,39,349.2
34.98,39,350.1
34.97,40,351
34.97,40,351.8
34.97,40,352.7
34.97,40,353.6
34.97,40,354.5
34.97,40,355.4
34.97,40,356.2
34.97,40,357.1
34.97,40,358
34.97,40,358.9
34.97,40,359.7
34.97,40,360.6
34.97,40,361.5
34.97,40,362.4
34.97,40,363.2
34.97,41,364.1
34.97,41,365
34.97,41,365.9
34.97,41,366.8
34.98,41,367.6
34.98,41,368.5
34.99,40,369.4
35,40,370.3
35.02,40,371.1
35.03,40,372
35.04,40,372.9
35.04,39,373.8
35.05,39,374.7
35.05,39,375.5
35.05,39,376.4
35.05,39,377.3
35.06,39,378.2
35.05,39,379.1
35.06,39,379.9
35.06,38,380.8
35.06,38,381.7
35.06,38,382.6
35.06,38,383.4
35.06,38,384.3
35.05,38,385.2
35.05,38,386.1
35.05,38,387
35.05,38,387.8
35.05,38,388.7
35.04,38,389.6
35.04,38,390.5
35.03,38,391.4
35.03,38,392.2
35.02,38,393.1
35.02,38,394
35,38,394.9
34.99,38,395.7
34.98,38,396.6
34.98,39,397.5
34.97,39,398.4
34.97,39,399.3
34.97,39,400.1
34.97,39,401
34.97,39,401.9
34.97,39,402.8
34.97,39,403.6
34.97,39,404.5
34.97,39,405.4
34.97,39,406.3
34.97,39,407.2
34.98,39,408
34.98,39,408.9
34.99,39,409.8
34.99,39,410.7
35,39,411.5
35.01,39,412.4
35.02,39,413.3
35.02,38,414.2
35.03,38,415.1
35.03,38,415.9
35.03,38,416.8
35.03,38,417.7
35.04,38,418.6
35.03,38,419.4
35.03,38,420.3
35.03,38,421.2
35.03,38,422.1
35.03,38,423
35.03,38,423.8
35.03,38,424.7
35.03,38,425.6
35.02,38,426.5
35.02,38,427.3
35.02,38,428.2
35.02,38,429.1
35.02,38,430
35.01,38,430.9
35.01,38,431.7
35,38,432.6
35,38,433.5
34.99,38,434.4
34.98,38,435.3
34.98,38,436.1
34.97,38,437
34.97,38,437.9
34.97,39,438.8
34.96,39,439.6
34.96,39,440.5
34.96,39,441.4
34.96,39,442.3
34.96,39,443.2
34.96,39,444
34.96,39,444.9
34.96,39,445.8
34.96,39,446.7
34.97,39,447.5
34.97,39,448.4
34.97,39,449.3
34.97,39,450.2
34.97,39,451
34.97,39,451.9
34.97,40,452.8
34.98,39,453.7
34.98,39,454.6
34.98,39,455.4
34.99,39,456.3
35,39,457.2
35,39,458.1
35.01,39,458.9
35.01,39,459.8
35.02,39,460.7
35.02,39,461.6
35.02,39,462.5
35.03,39,463.3
35.03,38,464.2
35.04,38,465.1
35.03,38,466
35.03,38,466.9
35.03,38,467.7
35.01,39,468.6
35,39,469.5
34.99,39,470.4
34.98,39,471.2
34.97,39,472.1
34.97,39,473
34.97,39,473.9
34.97,39,474.8
34.97,40,475.6
34.97,40,476.5
34.96,40,477.4
34.96,40,478.3
34.96,40,479.1
34.97,40,480
34.97,40,480.9
34.97,40,481.8
34.97,40,482.7
34.98,40,483.5
34.99,40,484.4
35,40,485.3
35.02,39,486.2
35.03,39,487
35.04,39,487.9
35.04,39,488.8
35.05,39,489.7
35.05,38,490.6
35.05,38,491.4
35.05,38,492.3
35.05,38,493.2
35.06,38,494.1
35.05,38,494.9
35.05,38,495.8
35.05,38,496.7
35.05,38,497.6
35.05,38,498.5
35.05,37,499.3
35.05,37,500.2
35.04,37,501.1
35.04,37,502
35.03,37,502.9
35.02,38,503.7
35.01,38,504.6
35,38,505.5
34.99,38,506.4
34.99,38,507.2
34.98,38,508.1
34.98,38,509
34.98,38,509.9
34.98,38,510.8
34.98,38,511.6
34.98,38,512.5
34.98,38,513.4
34.98,39,514.3
34.98,39,515.1
34.98,39,516
34.98,39,516.9
34.98,39,517.8
34.99,38,518.7
35,38,519.5
35,38,520.4
35.01,38,521.3
35.01,38,522.2
35,38,523
35,38,523.9
34.99,38,524.8
34.99,39,525.7
34.98,39,526.6
