Temperature	PWM	Time
14.74,0,1.4
14.8,0,2.2
14.87,0,3
14.95,0,3.9
15.04,0,4.7
15.14,0,5.5
15.24,0,6.3
15.33,0,7.1
15.44,0,7.9
15.54,0,8.8
15.65,0,9.6
15.75,0,10.4
15.84,0,11.2
15.94,0,12
16.04,0,12.8
16.13,0,13.6
16.22,0,14.5
16.31,0,15.3
16.4,0,16.1
16.49,0,16.9
16.57,0,17.7
16.64,0,18.5
16.72,0,19.4
16.8,0,20.2
16.87,0,21.1
16.95,0,21.9
17.03,0,22.8
17.1,0,23.7
17.17,0,24.5
17.24,0,25.4
17.31,0,26.3
17.38,0,27.2
17.44,0,28
17.51,0,28.9
17.56,0,29.8
17.63,0,30.6
17.69,0,31.5
17.75,0,32.4
17.8,0,33.3
17.86,0,34.1
17.92,0,35
17.98,0,35.9
18.03,29,36.7
18.08,28,37.6
18.16,27,38.5
18.28,25,39.4
18.42,23,40.2
18.57,21,41.1
18.72,19,42
18.88,17,42.9
19.02,14,43.7
19.17,233,44.6
19.31,231,45.5
19.66,226,46.4
20.27,217,47.2
21.04,205,48.1
21.89,193,49
22.79,180,49.9
23.7,166,50.8
24.58,153,51.6
25.45,152,52.5
26.27,141,53.4
27.03,130,54.3
27.74,120,55.1
28.41,111,56
29,102,56.9
29.55,95,57.8
30.05,88,58.6
30.48,82,59.5
30.87,76,60.4
31.21,71,61.3
31.51,67,62.1
31.77,64,63
32,61,63.9
32.19,58,64.8
32.36,55,65.6
32.5,54,66.5
32.62,52,67.4
32.73,50,68.3
32.83,49,69.1
32.91,48,70
32.98,47,70.9
33.03,47,71.8
33.09,46,72.6
33.14,45,73.5
33.18,45,74.4
33.23,44,75.3
33.26,44,76.2
33.29,43,77
33.33,43,77.9
33.34,43,78.8
33.37,42,79.7
33.4,42,80.5
33.42,42,81.4
33.44,42,82.3
33.47,41,83.2
33.5,41,84
33.51,41,84.9
33.52,41,85.8
33.55,41,86.7
33.58,40,87.5
33.59,40,88.4
33.61,40,89.3
33.63,40,90.2
33.66,39,91
33.67,39,91.9
33.68,39,92.8
33.69,39,93.7
33.71,39,94.5
33.74,39,95.4
33.75,39,96.3
33.76,39,97.2
33.76,39,98
33.76,39,98.9
33.77,39,99.8
33.77,39,100.7
33.77,39,101.5
33.78,39,102.4
33.78,39,103.3
33.79,39,104.2
33.8,39,105
33.82,38,105.9
33.83,38,106.8
33.83,38,107.7
33.84,38,108.6
33.84,38,109.4
33.84,38,110.3
33.85,38,111.2
33.85,38,112.1
33.85,38,112.9
33.85,39,113.8
33.85,39,114.7
33.86,39,115.6
33.86,39,116.5
33.86,39,117.3
33.87,39,118.2
33.88,39,119.1
33.89,39,120
33.9,38,120.8
33.91,38,121.7
33.92,38,122.6
33.92,38,123.5
33.93,38,124.4
33.93,38,125.2
33.93,38,126.1
33.94,38,127
33.94,38,127.9
33.95,38,128.7
33.96,38,129.6
33.97,38,130.5
33.99,38,131.4
34,38,132.2
34.01,38,133.1
34.02,38,134
34.02,38,134.9
34.03,38,135.8
34.04,37,136.6
34.06,37,137.5
34.07,37,138.4
34.08,37,139.3
34.09,37,140.1
34.1,37,141
34.1,37,141.9
34.1,37,142.8
34.1,37,143.7
34.1,37,144.5
34.11,37,145.4
34.11,37,146.3
34.11,37,147.2
34.11,37,148
34.12,37,148.9
34.12,37,149.8
34.13,37,150.7
34.13,37,151.6
34.14,37,152.4
34.14,37,153.3
34.14,37,154.2
34.15,37,155.1
34.15,37,155.9
34.15,37,156.8
34.15,37,157.7
34.14,37,158.6
34.14,37,159.4
34.14,38,160.3
34.13,38,161.2
34.13,38,162.1
34.13,38,163
34.13,38,163.8
34.14,38,164.7
34.15,38,165.6
34.15,38,166.5
34.16,38,167.3
34.17,38,168.2
34.18,37,169.1
34.18,37,170
34.18,37,170.9
34.19,37,171.7
34.19,37,172.6
34.19,37,173.5
34.18,38,174.4
34.19,38,175.2
34.2,38,176.1
34.2,38,177
34.2,38,177.9
34.21,38,178.8
34.22,37,179.6
34.22,37,180.5
34.24,37,181.4
34.23,37,182.3
34.23,38,183.1
34.22,38,184
34.22,38,184.9
34.23,38,185.8
34.22,38,186.6
34.23,38,187.5
34.23,38,188.4
34.24,38,189.3
34.24,38,190.2
34.25,38,191
34.25,38,191.9
34.25,38,192.8
34.26,37,193.7
34.27,37,194.5
34.27,37,195.4
34.28,37,196.3
34.28,37,197.2
34.28,38,198.1
34.28,38,198.9
34.28,38,199.8
34.28,38,200.7
34.28,38,201.6
34.28,38,202.4
34.28,38,203.3
34.29,38,204.2
34.29,38,205.1
34.29,38,206
34.29,38,206.8
34.3,38,207.7
34.3,38,208.6
34.31,38,209.5
34.32,38,210.3
34.32,37,211.2
34.33,37,212.1
34.34,37,213
34.34,37,213.9
34.34,37,214.7
34.34,37,215.6
34.35,37,216.5
34.34,38,217.4
34.35,38,218.2
34.34,38,219.1
34.34,38,220
34.33,38,220.9
34.35,38,221.7
34.36,38,222.6
34.36,38,223.5
34.36,38,224.4
34.37,38,225.3
34.36,38,226.1
34.37,38,227
34.37,38,227.9
34.38,37,228.8
34.39,37,229.6
34.4,37,230.5
34.41,37,231.4
34.42,37,232.3
34.42,37,233.2
34.43,37,234
34.43,37,234.9
34.43,37,235.8
34.44,37,236.7
34.44,37,237.5
34.44,37,238.4
34.44,37,239.3
34.44,37,240.2
34.44,37,241.1
34.44,37,241.9
34.44,37,242.8
34.44,37,243.7
34.45,37,244.6
34.45,37,245.4
34.45,37,246.3
34.45,37,247.2
34.45,37,248.1
34.45,37,248.9
34.44,37,249.8
34.44,37,250.7
34.44,37,251.6
34.44,38,252.5
34.44,38,253.3
34.44,38,254.2
34.44,38,255.1
34.44,38,256
34.44,38,256.8
34.45,38,257.7
34.45,38,258.6
34.45,38,259.5
34.45,38,260.4
34.45,38,261.2
34.46,38,262.1
34.46,38,263
34.47,38,263.9
34.48,37,264.7
34.49,37,265.6
34.5,37,266.5
34.51,37,267.4
34.51,37,268.3
34.51,37,269.1
34.52,37,270
34.52,37,270.9
34.52,37,271.8
34.52,37,272.6
34.52,37,273.5
34.52,37,274.4
34.52,37,275.3
34.52,37,276.1
34.53,37,277
34.53,37,277.9
34.53,37,278.8
34.53,37,279.7
34.52,37,280.5
34.52,37,281.4
34.51,37,282.3
34.51,38,283.2
34.49,38,284
34.48,38,284.9
34.47,38,285.8
34.46,38,286.7
34.46,39,287.6
34.46,39,288.4
34.46,39,289.3
34.46,39,290.2
34.46,39,291.1
34.46,39,291.9
34.48,38,292.8
34.49,38,293.7
34.5,38,294.6
34.51,38,295.5
34.52,38,296.3
34.52,38,297.2
34.53,38,298.1
34.53,38,299
34.53,38,299.8
34.54,38,300.7
34.54,38,301.6
34.54,38,302.5
34.55,38,303.3
34.54,38,304.2
34.55,38,305.1
34.56,38,306
34.56,38,306.9
34.57,38,307.7
34.57,38,308.6
34.58,37,309.5
34.59,37,310.4
34.59,37,311.2
34.59,37,312.1
34.59,37,313
34.59,37,313.9
34.59,37,314.8
34.59,37,315.6
34.59,37,316.5
34.59,38,317.4
34.58,38,318.3
34.6,37,319.1
34.6,37,320
34.59,38,320.9
34.62,37,321.8
34.6,38,322.7
34.59,38,323.5
34.62,37,324.4
34.61,37,325.3
34.61,37,326.2
34.61,37,327
34.61,37,327.9
34.61,38,328.8
34.62,37,329.7
34.62,38,330.6
34.62,37,331.4
34.62,37,332.3
34.62,38,333.2
34.63,37,334.1
34.63,37,334.9
34.63,37,335.8
34.63,38,336.7
34.63,37,337.6
34.63,37,338.4
34.63,38,339.3
34.63,38,340.2
34.64,37,341.1
34.64,37,342
34.66,37,342.8
34.66,37,343.7
34.66,37,344.6
34.67,37,345.5
34.67,37,346.3
34.67,37,347.2
34.67,37,348.1
34.67,37,349
34.68,37,349.9
34.68,37,350.7
34.68,37,351.6
34.68,37,352.5
34.68,37,353.4
34.68,37,354.2
34.68,37,355.1
34.69,37,356
34.69,37,356.9
34.69,37,357.8
34.69,37,358.6
34.69,37,359.5
34.68,37,360.4
34.69,37,361.3
34.68,37,362.1
34.68,37,363
34.69,37,363.9
34.68,37,364.8
34.68,37,365.6
34.68,37,366.5
34.69,37,367.4
34.69,37,368.3
34.69,37,369.2
34.69,37,370
34.69,37,370.9
34.69,37,371.8
34.69,37,372.7
34.69,37,373.5
34.69,37,374.4
34.69,37,375.3
34.69,37,376.2
34.69,37,377.1
34.69,38,377.9
34.69,38,378.8
34.69,38,379.7
34.69,38,380.6
34.69,38,381.4
34.69,38,382.3
34.69,38,383.2
34.7,38,384.1
34.7,38,385
34.7,38,385.8
34.71,37,386.7
34.71,37,387.6
34.7,38,388.5
34.7,38,389.3
34.71,37,390.2
34.71,37,391.1
34.71,38,392
34.71,37,392.8
34.71,38,393.7
34.71,38,394.6
34.72,37,395.5
34.72,37,396.4
34.72,37,397.2
34.72,37,398.1
34.72,37,399
34.73,37,399.9
34.73,37,400.7
34.73,37,401.6
34.72,38,402.5
34.73,37,403.4
34.73,37,404.3
34.74,37,405.1
34.74,37,406
34.74,37,406.9
34.74,37,407.8
34.73,37,408.6
34.73,38,409.5
34.73,38,410.4
34.73,38,411.3
34.73,38,412.2
34.73,38,413
34.73,38,413.9
34.74,38,414.8
34.74,37,415.7
34.75,37,416.5
34.75,37,417.4
34.76,37,418.3
34.76,37,419.2
34.76,37,420
34.76,37,420.9
34.76,37,421.8
34.76,37,422.7
34.76,37,423.6
34.76,37,424.4
34.76,37,425.3
34.75,38,426.2
34.75,38,427.1
34.75,38,427.9
34.76,38,428.8
34.76,37,429.7
34.77,37,430.6
34.77,37,431.5
34.77,37,432.3
34.78,37,433.2
34.78,37,434.1
34.78,37,435
34.78,37,435.8
34.78,37,436.7
34.78,37,437.6
34.78,37,438.5
34.78,37,439.4
34.77,37,440.2
34.77,38,441.1
34.76,38,442
34.76,38,442.9
34.75,38,443.7
34.75,38,444.6
34.75,38,445.5
34.75,38,446.4
34.75,38,447.3
34.75,38,448.1
34.75,38,449
34.75,38,449.9
34.76,38,450.8
34.76,38,451.6
34.76,38,452.5
34.77,38,453.4
34.77,38,454.3
34.77,38,455.1
34.78,38,456
34.78,38,456.9
34.78,38,457.8
34.78,38,458.7
34.79,38,459.5
34.79,38,460.4
34.79,38,461.3
34.79,38,462.2
34.79,38,463
34.79,38,463.9
34.79,38,464.8
34.8,38,465.7
34.8,38,466.6
34.8,38,467.4
34.8,38,468.3
34.8,38,469.2
34.8,38,470.1
34.8,38,470.9
34.8,38,471.8
34.8,38,472.7
34.8,38,473.6
34.8,38,474.5
34.8,38,475.3
34.8,38,476.2
34.8,38,477.1
34.8,38,478
34.79,38,478.8
34.79,38,479.7
34.79,38,480.6
34.79,38,481.5
34.79,38,482.3
34.79,38,483.2
34.79,38,484.1
34.79,38,485
34.79,38,485.9
34.79,38,486.7
34.79,38,487.6
34.79,38,488.5
34.79,38,489.4
34.79,38,490.2
34.79,38,491.1
34.78,38,492
34.79,38,492.9
34.79,38,493.8
34.78,38,494.6
34.79,38,495.5
34.78,38,496.4
34.78,38,497.3
34.78,38,498.1
34.78,38,499
34.78,38,499.9
34.78,38,500.8
34.78,38,501.7
34.78,38,502.5
34.78,38,503.4
34.78,38,504.3
34.78,38,505.2
34.78,38,506
34.79,38,506.9
34.79,38,507.8
34.79,38,508.7
34.79,38,509.5
34.79,38,510.4
34.79,38,511.3
34.79,38,512.2
34.79,38,513.1
34.79,38,513.9
34.79,38,514.8
34.79,38,515.7
34.79,38,516.6
34.79,38,517.4
34.79,38,518.3
34.79,38,519.2
34.8,38,520.1
34.8,38,521
34.8,38,521.8
34.8,38,522.7
34.8,38,523.6
34.8,38,524.5
34.8,38,525.3
