Temperature	PWM	Time
19.6,0,1.4
19.59,0,2.2
19.59,0,3
19.58,0,3.9
19.57,0,4.7
19.57,0,5.6
19.56,0,6.5
19.55,0,7.4
19.55,0,8.2
19.54,0,9.1
19.54,0,10
19.53,183,10.8
19.51,184,11.7
19.59,183,12.6
19.79,218,13.5
20.11,218,14.4
20.54,216,15.2
21.07,213,16.1
21.67,209,17
22.33,205,17.9
23.02,199,18.7
23.75,193,19.6
24.49,197,20.5
25.24,190,21.4
25.98,183,22.3
26.71,171,23.1
27.44,164,24
28.14,157,24.9
28.8,151,25.8
29.45,144,26.7
30.05,138,27.5
30.62,132,28.4
31.16,126,29.3
31.67,121,30.2
32.15,116,31.1
32.59,111,31.9
33,106,32.8
33.39,102,33.7
33.74,98,34.6
34.07,94,35.5
34.36,91,36.3
34.62,87,37.2
34.86,84,38.1
35.08,82,39
35.28,79,39.9
35.45,77,40.7
35.61,75,41.6
35.76,73,42.5
35.89,71,43.4
36,69,44.3
36.11,68,45.1
36.2,66,46
36.28,65,46.9
36.36,64,47.8
36.41,63,48.7
36.47,62,49.6
36.56,60,50.4
36.59,60,51.3
36.64,58,52.2
36.66,58,53.1
36.7,57,54
36.73,56,54.8
36.76,55,55.7
36.78,55,56.6
36.78,54,57.5
36.8,54,58.4
36.8,53,59.2
36.81,53,60.1
36.85,51,61
36.83,51,61.9
36.79,51,62.8
36.81,51,63.6
36.82,50,64.5
36.79,50,65.4
36.78,50,66.3
36.75,50,67.2
36.74,49,68
36.73,49,68.9
36.7,49,69.8
36.68,49,70.7
36.66,49,71.6
36.65,48,72.4
36.6,49,73.3
36.58,49,74.2
36.54,49,75.1
36.51,49,76
36.48,49,76.8
36.44,49,77.7
36.41,49,78.6
36.37,49,79.5
36.33,49,80.4
36.3,49,81.3
36.27,49,82.1
36.23,49,83
36.2,49,83.9
36.16,50,84.8
36.14,50,85.7
36.11,50,86.5
36.08,50,87.4
36.07,50,88.3
36.05,50,89.2
36.03,50,90.1
36.03,49,90.9
36.01,49,91.8
36,49,92.7
35.98,49,93.6
35.97,49,94.5
35.97,49,95.3
35.95,49,96.2
35.95,49,97.1
35.94,49,98
35.92,49,98.9
35.9,49,99.7
35.9,49,100.6
35.89,48,101.5
35.89,48,102.4
35.82,49,103.3
35.84,48,104.2
35.8,49,105
35.73,49,105.9
35.74,49,106.8
35.73,49,107.7
35.71,49,108.6
35.7,49,109.5
35.67,49,110.3
35.66,49,111.2
35.65,49,112.1
35.63,49,113
35.62,49,113.9
35.61,49,114.7
35.6,49,115.6
35.57,49,116.5
35.56,49,117.4
35.54,49,118.3
35.53,50,119.2
35.52,50,120
35.49,50,120.9
35.5,49,121.8
35.5,49,122.7
35.48,49,123.6
35.49,49,124.5
35.47,49,125.3
35.48,49,126.2
35.45,49,127.1
35.45,49,128
35.44,49,128.9
35.44,49,129.8
35.42,49,130.6
35.41,49,131.5
35.4,49,132.4
35.38,49,133.3
35.36,50,134.2
35.35,50,135
35.34,50,135.9
35.32,50,136.8
35.3,50,137.7
35.29,50,138.6
35.28,50,139.5
35.28,50,140.3
35.27,50,141.2
35.27,50,142.1
35.27,50,143
35.26,50,143.9
35.27,50,144.8
35.27,50,145.6
35.27,50,146.5
35.28,50,147.4
35.27,50,148.3
35.28,50,149.2
35.27,50,150.1
35.27,49,150.9
35.28,49,151.8
35.27,49,152.7
35.28,49,153.6
35.28,49,154.5
35.27,49,155.3
35.26,49,156.2
35.25,49,157.1
35.23,49,158
35.22,50,158.9
35.21,50,159.8
35.18,50,160.6
35.17,50,161.5
35.15,50,162.4
35.13,50,163.3
35.12,51,164.2
35.12,51,165.1
35.1,51,165.9
35.1,51,166.8
35.09,51,167.7
35.07,51,168.6
35.07,51,169.5
35.06,51,170.4
35.05,51,171.2
35.04,51,172.1
35.04,51,173
35.04,51,173.9
35.03,51,174.8
35.03,51,175.6
35.02,52,176.5
35.02,51,177.4
35.02,51,178.3
35.02,52,179.2
35.02,51,180.1
35.03,51,180.9
35.03,51,181.8
35.03,51,182.7
35.04,51,183.6
35.03,51,184.5
35.04,51,185.4
35.05,51,186.2
35.06,51,187.1
35.07,51,188
35.08,51,188.9
35.09,51,189.8
35.1,50,190.7
35.11,50,191.5
35.11,50,192.4
35.12,50,193.3
35.12,50,194.2
35.11,50,195.1
35.11,50,195.9
35.1,50,196.8
35.09,50,197.7
35.09,50,198.6
35.08,50,199.5
35.08,50,200.4
35.08,50,201.2
35.08,50,202.1
35.08,50,203
35.09,50,203.9
35.1,50,204.8
35.1,50,205.7
35.09,50,206.5
35.09,50,207.4
35.09,50,208.3
35.08,50,209.2
35.08,50,210.1
35.08,50,211
35.08,50,211.8
35.08,50,212.7
35.08,50,213.6
35.08,50,214.5
35.09,50,215.4
35.09,50,216.2
35.09,50,217.1
35.09,50,218
35.09,50,218.9
35.1,50,219.8
35.1,50,220.7
35.1,50,221.5
35.1,50,222.4
35.12,49,223.3
35.12,49,224.2
35.13,49,225.1
35.14,49,226
35.14,49,226.8
35.14,49,227.7
35.14,49,228.6
35.14,49,229.5
35.15,49,230.4
35.15,49,231.3
35.15,49,232.1
35.15,49,233
35.15,48,233.9
35.16,48,234.8
35.16,48,235.7
35.16,48,236.5
35.16,48,237.4
35.15,48,238.3
35.14,48,239.2
35.13,49,240.1
35.12,49,241
35.11,49,241.8
35.1,49,242.7
35.09,49,243.6
35.08,49,244.5
35.07,49,245.4
35.06,49,246.3
35.06,49,247.1
35.05,49,248
35.05,49,248.9
35.03,49,249.8
35.03,50,250.7
35.04,49,251.6
35.03,49,252.4
35.05,49,253.3
35.04,49,254.2
35.04,49,255.1
35.05,49,256
35.05,49,256.8
35.04,49,257.7
35.05,49,258.6
35.05,49,259.5
35.05,49,260.4
35.05,49,261.3
35.05,49,262.1
35.05,49,263
35.05,49,263.9
35.06,49,264.8
35.06,49,265.7
35.06,49,266.6
35.06,49,267.4
35.07,49,268.3
35.06,49,269.2
35.06,49,270.1
35.06,49,271
35.06,49,271.9
35.06,49,272.7
35.08,49,273.6
35.06,49,274.5
35.07,49,275.4
35.06,49,276.3
35.06,49,277.1
35.06,49,278
35.05,49,278.9
35.06,49,279.8
35.04,49,280.7
35.04,49,281.6
35.04,49,282.4
35.02,49,283.3
35.02,49,284.2
35,49,285.1
34.99,49,286
34.98,50,286.9
34.97,50,287.7
34.96,50,288.6
34.95,50,289.5
34.96,50,290.4
34.96,50,291.3
34.95,50,292.1
34.95,50,293
34.96,50,293.9
34.96,50,294.8
34.97,50,295.7
34.97,50,296.6
34.98,50,297.4
34.99,50,298.3
35,49,299.2
35.01,49,300.1
35.02,49,301
35.03,49,301.8
35.04,49,302.7
35.05,49,303.6
35.05,49,304.5
35.06,49,305.4
35.06,49,306.3
35.06,49,307.1
35.06,49,308
35.07,49,308.9
35.07,49,309.8
35.06,49,310.7
35.07,48,311.6
35.06,49,312.4
35.07,48,313.3
35.05,49,314.2
35.05,49,315.1
35.05,49,316
35.05,49,316.9
35.04,49,317.7
35.04,49,318.6
35.04,49,319.5
35.03,49,320.4
35.03,49,321.3
35.05,49,322.1
35.03,49,323
35.03,49,323.9
35.03,49,324.8
35.03,49,325.7
35.03,49,326.6
35.03,49,327.4
35.02,49,328.3
35.02,49,329.2
35.02,49,330.1
35.02,49,331
35.01,49,331.9
35.01,49,332.7
35.01,49,333.6
35.01,49,334.5
35.02,49,335.4
35.01,49,336.3
35.01,49,337.2
35.02,49,338
35.03,49,338.9
35.03,49,339.8
35.03,49,340.7
35.03,49,341.6
35.03,49,342.4
35.04,49,343.3
35.04,49,344.2
35.04,49,345.1
35.04,49,346
35.04,49,346.9
35.03,49,347.7
35.04,48,348.6
35.05,48,349.5
35.04,48,350.4
35.05,48,351.3
35.04,48,352.2
35.04,48,353
35.03,49,353.9
35.04,48,354.8
35.03,49,355.7
35.03,49,356.6
35.02,49,357.5
35.02,49,358.3
35.02,49,359.2
35.02,49,360.1
35.02,49,361
35.01,49,361.9
35,49,362.7
35.01,49,363.6
35.01,49,364.5
35.01,49,365.4
35.01,49,366.3
35,49,367.2
34.99,49,368
34.98,49,368.9
34.97,49,369.8
34.96,49,370.7
34.93,50,371.6
34.93,50,372.5
34.91,50,373.3
34.9,50,374.2
34.9,50,375.1
34.9,50,376
34.89,50,376.9
34.89,50,377.7
34.9,50,378.6
34.92,50,379.5
34.92,50,380.4
34.94,50,381.3
34.95,50,382.1
34.94,50,383
34.95,50,383.9
34.94,50,384.8
34.94,50,385.7
34.94,50,386.6
34.94,50,387.4
34.94,50,388.3
34.93,50,389.2
34.91,50,390.1
34.91,50,391
34.91,51,391.8
34.89,51,392.7
34.88,51,393.6
34.88,51,394.5
34.87,51,395.4
34.88,51,396.3
34.87,51,397.1
34.87,51,398
34.87,51,398.9
34.87,51,399.8
34.86,51,400.7
34.87,51,401.5
34.88,51,402.4
34.88,51,403.3
34.88,51,404.2
34.89,51,405.1
34.91,51,406
34.92,51,406.8
34.91,51,407.7
34.93,51,408.6
34.94,51,409.5
34.97,50,410.4
34.99,50,411.2
35.01,50,412.1
34.99,50,413
35.03,50,413.9
35.04,49,414.8
35.04,49,415.7
35.08,49,416.5
35.11,48,417.4
35,50,418.3
35.19,47,419.2
35.01,50,420.1
35.15,48,421
35.1,49,421.8
35.06,49,422.7
35.09,49,423.6
35.12,48,424.5
35.11,48,425.4
35.1,48,426.2
35.11,48,427.1
35.1,48,428
35.1,48,428.9
35.1,48,429.8
35.09,48,430.7
35.08,48,431.5
35.06,49,432.4
35.07,49,433.3
35.04,49,434.2
35.06,49,435.1
35.05,49,436
35.05,49,436.8
35.04,49,437.7
35.05,49,438.6
35.05,49,439.5
35.05,49,440.4
35.04,49,441.2
