Temperature	PWM	Time
19.6,0,1.4
19.59,0,2.2
19.59,0,3
19.58,0,3.9
19.57,0,4.7
19.57,0,5.6
19.56,0,6.5
19.55,0,7.4
19.55,0,8.2
19.54,0,9.1
19.54,0,10
19.53,183,10.8
19.51,184,11.7
19.59,183,12.6
19.79,218,13.5
20.11,218,14.4
20.54,216,15.2
21.07,213,16.1
21.67,209,17
22.33,205,17.9
23.02,199,18.7
23.75,193,19.6
24.49,197,20.5
25.24,190,21.4
25.98,183,22.3
26.71,171,23.1
27.44,164,24
28.14,157,24.9
28.8,151,25.8
29.45,144,26.7
30.05,138,27.5
30.62,132,28.4
31.16,126,29.3
31.67,121,30.2
32.15,116,31.1
32.59,111,31.9
33,106,32.8
33.39,102,33.7
33.74,98,34.6
34.07,94,35.5
34.36,91,36.3
34.62,87,37.2
34.86,84,38.1
35.08,82,39
35.28,79,39.9
35.45,77,40.7
35.61,75,41.6
35.76,73,42.5
35.89,71,43.4
36,69,44.3
36.11,68,45.1
36.2,66,46
36.28,65,46.9
36.36,64,47.8
36.41,63,48.7
36.47,62,49.6
36.56,60,50.4
36.59,60,51.3
36.64,58,52.2
36.66,58,53.1
36.7,57,54
36.73,56,54.8
36.76,55,55.7
36.78,55,56.6
36.78,54,57.5
36.8,54,58.4
36.8,53,59.2
36.81,53,60.1
36.85,51,61
36.83,51,61.9
36.79,51,62.8
36.81,51,63.6
36.82,50,64.5
36.79,50,65.4
36.78,50,66.3
36.75,50,67.2
36.74,49,68
36.73,49,68.9
36.7,49,69.8
36.68,49,70.7
36.66,49,71.6
36.65,48,72.4
36.6,49,73.3
36.58,49,74.2
36.54,49,75.1
36.51,49,76
36.48,49,76.8
36.44,49,77.7
36.41,49,78.6
36.37,49,79.5
36.33,49,80.4
36.3,49,81.3
36.27,49,82.1
36.23,49,83
36.2,49,83.9
36.16,50,84.8
36.14,50,85.7
36.11,50,86.5
36.08,50,87.4
36.07,50,88.3
36.05,50,89.2
36.03,50,90.1
36.03,49,90.9
36.01,49,91.8
36,49,92.7
35.98,49,93.6
35.97,49,94.5
35.97,49,95.3
35.95,49,96.2
35.95,49,97.1
35.94,49,98
35.92,49,98.9
35.9,49,99.7
35.9,49,100.6
35.89,48,101.5
35.89,48,102.4
35.82,49,103.3
35.84,48,104.2
35.8,49,105
35.73,49,105.9
35.74,49,106.8
35.73,49,107.7
35.71,49,108.6
35.7,49,109.5
35.67,49,110.3
35.66,49,111.2
35.65,49,112.1
35.63,49,113
35.62,49,113.9
35.61,49,114.7
35.6,49,115.6
35.57,49,116.5
35.56,49,117.4
35.54,49,118.3
35.53,50,119.2
35.52,50,120
35.49,50,120.9
35.5,49,121.8
35.5,49,122.7
35.48,49,123.6
35.49,49,124.5
35.47,49,125.3
35.48,49,126.2
35.45,49,127.1
35.45,49,128
35.44,49,128.9
35.44,49,129.8
35.42,49,130.6
35.41,49,131.5
35.4,49,132.4
35.38,49,133.3
35.36,50,134.2
35.35,50,135
35.34,50,135.9
35.32,50,136.8
35.3,50,137.7
35.29,50,138.6
35.28,50,139.5
35.28,50,140.3
35.27,50,141.2
35.27,50,142.1
35.27,50,143
35.26,50,143.9
35.27,50,144.8
35.27,50,145.6
35.27,50,146.5
35.28,50,147.4
35.27,50,148.3
35.28,50,149.2
35.27,50,150.1
35.27,49,150.9
35.28,49,151.8
35.27,49,152.7
35.28,49,153.6
35.28,49,154.5
35.27,49,155.3
35.26,49,156.2
35.25,49,157.1
35.23,49,158
35.22,50,158.9
35.21,50,159.8
35.18,50,160.6
35.17,50,161.5
35.15,50,162.4
35.13,50,163.3
35.12,51,164.2
35.12,51,165.1
35.1,51,165.9
35.1,51,166.8
35.09,51,167.7
35.07,51,168.6
35.07,51,169.5
35.06,51,170.4
35.05,51,171.2
35.04,51,172.1
35.04,51,173
35.04,51,173.9
35.03,51,174.8
35.03,51,175.6
35.02,52,176.5
35.02,51,177.4
35.02,51,178.3
35.02,52,179.2
35.02,51,180.1
35.03,51,180.9
35.03,51,181.8
35.03,51,182.7
35.04,51,183.6
35.03,51,184.5
35.04,51,185.4
35.05,51,186.2
35.06,51,187.1
35.07,51,188
35.08,51,188.9
35.09,51,189.8
35.1,50,190.7
35.11,50,191.5
35.11,50,192.4
35.12,50,193.3
35.12,50,194.2
35.11,50,195.1
35.11,50,195.9
35.1,50,196.8
35.09,50,197.7
35.09,50,198.6
35.08,50,199.5
35.08,50,200.4
35.08,50,201.2
35.08,50,202.1
35.08,50,203
35.09,50,203.9
35.1,50,204.8
35.1,50,205.7
35.09,50,206.5
35.09,50,207.4
35.09,50,208.3
35.08,50,209.2
35.08,50,210.1
35.08,50,211
35.08,50,211.8
35.08,50,212.7
35.08,50,213.6
35.08,50,214.5
35.09,50,215.4
35.09,50,216.2
35.09,50,217.1
35.09,50,218
35.09,50,218.9
35.1,50,219.8
35.1,50,220.7
35.1,50,221.5
35.1,50,222.4
35.12,49,223.3
35.12,49,224.2
35.13,49,225.1
35.14,49,226
35.14,49,226.8
35.14,49,227.7
35.14,49,228.6
35.14,49,229.5
35.15,49,230.4
35.15,49,231.3
35.15,49,232.1
35.15,49,233
35.15,48,233.9
35.16,48,234.8
35.16,48,235.7
35.16,48,236.5
35.16,48,237.4
35.15,48,238.3
35.14,48,239.2
35.13,49,240.1
35.12,49,241
35.11,49,241.8
35.1,49,242.7
35.09,49,243.6
35.08,49,244.5
35.07,49,245.4
35.06,49,246.3
35.06,49,247.1
35.05,49,248
35.05,49,248.9
35.03,49,249.8
35.03,50,250.7
35.04,49,251.6
35.03,49,252.4
35.05,49,253.3
35.04,49,254.2
35.04,49,255.1
35.05,49,256
35.05,49,256.8
35.04,49,257.7
35.05,49,258.6
35.05,49,259.5
35.05,49,260.4
35.05,49,261.3
35.05,49,262.1
35.05,49,263
35.05,49,263.9
35.06,49,264.8
35.06,49,265.7
35.06,49,266.6
35.06,49,267.4
35.07,49,268.3
35.06,49,269.2
35.06,49,270.1
35.06,49,271
35.06,49,271.9
35.06,49,272.7
35.08,49,273.6
35.06,49,274.5
35.07,49,275.4
35.06,49,276.3
35.06,49,277.1
35.06,49,278
35.05,49,278.9
35.06,49,279.8
35.04,49,280.7
35.04,49,281.6
35.04,49,282.4
35.02,49,283.3
35.02,49,284.2
35,49,285.1
34.99,49,286
34.98,50,286.9
34.97,50,287.7
34.96,50,288.6
34.95,50,289.5
34.96,50,290.4
34.96,50,291.3
34.95,50,292.1
34.95,50,293
34.96,50,293.9
34.96,50,294.8
34.97,50,295.7
34.97,50,296.6
34.98,50,297.4
34.99,50,298.3
35,49,299.2
35.01,49,300.1
35.02,49,301
35.03,49,301.8
35.04,49,302.7
35.05,49,303.6
35.05,49,304.5
35.06,49,305.4
35.06,49,306.3
35.06,49,307.1
35.06,49,308
35.07,49,308.9
35.07,49,309.8
35.06,49,310.7
35.07,48,311.6
35.06,49,312.4
35.07,48,313.3
35.05,49,314.2
35.05,49,315.1
35.05,49,316
35.05,49,316.9
35.04,49,317.7
35.04,49,318.6
35.04,49,319.5
35.03,49,320.4
35.03,49,321.3
35.05,49,322.1
35.03,49,323
35.03,49,323.9
35.03,49,324.8
35.03,49,325.7
35.03,49,326.6
35.03,49,327.4
35.02,49,328.3
35.02,49,329.2
35.02,49,330.1
35.02,49,331
35.01,49,331.9
35.01,49,332.7
35.01,49,333.6
35.01,49,334.5
35.02,49,335.4
35.01,49,336.3
35.01,49,337.2
35.02,49,338
35.03,49,338.9
35.03,49,339.8
35.03,49,340.7
35.03,49,341.6
35.03,49,342.4
35.04,49,343.3
35.04,49,344.2
35.04,49,345.1
35.04,49,346
35.04,49,346.9
35.03,49,347.7
35.04,48,348.6
35.05,48,349.5
35.04,48,350.4
35.05,48,351.3
35.04,48,352.2
35.04,48,353
35.03,49,353.9
35.04,48,354.8
35.03,49,355.7
35.03,49,356.6
35.02,49,357.5
35.02,49,358.3
35.02,49,359.2
35.02,49,360.1
35.02,49,361
35.01,49,361.9
35,49,362.7
35.01,49,363.6
35.01,49,364.5
35.01,49,365.4
35.01,49,366.3
35,49,367.2
34.99,49,368
34.98,49,368.9
34.97,49,369.8
34.96,49,370.7
34.93,50,371.6
34.93,50,372.5
34.91,50,373.3
34.9,50,374.2
34.9,50,375.1
34.9,50,376
34.89,50,376.9
34.89,50,377.7
34.9,50,378.6
34.92,50,379.5
34.92,50,380.4
34.94,50,381.3
34.95,50,382.1
34.94,50,383
34.95,50,383.9
34.94,50,384.8
34.94,50,385.7
34.94,50,386.6
34.94,50,387.4
34.94,50,388.3
34.93,50,389.2
34.91,50,390.1
34.91,50,391
34.91,51,391.8
34.89,51,392.7
34.88,51,393.6
34.88,51,394.5
34.87,51,395.4
34.88,51,396.3
34.87,51,397.1
34.87,51,398
34.87,51,398.9
34.87,51,399.8
34.86,51,400.7
34.87,51,401.5
34.88,51,402.4
34.88,51,403.3
34.88,51,404.2
34.89,51,405.1
34.91,51,406
34.92,51,406.8
34.91,51,407.7
34.93,51,408.6
34.94,51,409.5
34.97,50,410.4
34.99,50,411.2
35.01,50,412.1
34.99,50,413
35.03,50,413.9
35.04,49,414.8
35.04,49,415.7
35.08,49,416.5
35.11,48,417.4
35,50,418.3
35.19,47,419.2
35.01,50,420.1
35.15,48,421
35.1,49,421.8
35.06,49,422.7
35.09,49,423.6
35.12,48,424.5
35.11,48,425.4
35.1,48,426.2
35.11,48,427.1
35.1,48,428
35.1,48,428.9
35.1,48,429.8
35.09,48,430.7
35.08,48,431.5
35.06,49,432.4
35.07,49,433.3
35.04,49,434.2
35.06,49,435.1
35.05,49,436
35.05,49,436.8
35.04,49,437.7
35.05,49,438.6
35.05,49,439.5
35.05,49,440.4
35.04,49,441.2
35.04,49,442.1
35.05,49,443
35.05,49,443.9
35.05,49,444.8
35.05,49,445.7
35.07,48,446.5
35.07,48,447.4
35.06,48,448.3
35.06,48,449.2
35.06,48,450.1
35.06,48,451
35.06,48,451.8
35.06,48,452.7
35.05,48,453.6
35.07,48,454.5
35.05,49,455.4
35.04,49,456.3
35.04,49,457.1
35.04,49,458
35.04,49,458.9
35.04,49,459.8
35.03,49,460.7
35.03,49,461.5
35.02,49,462.4
35.02,49,463.3
35.01,49,464.2
35.02,49,465.1
35.02,49,466
35.02,49,466.8
35.02,49,467.7
35.02,49,468.6
35.03,49,469.5
35.02,49,470.4
35.01,49,471.3
35.02,49,472.1
35.02,49,473
35.02,49,473.9
35.04,48,474.8
35.04,49,475.7
35.03,49,476.6
35.02,49,477.4
35.05,48,478.3
35.06,48,479.2
35.05,48,480.1
35.04,48,481
35.04,48,481.9
35.05,48,482.7
35.06,48,483.6
35.05,48,484.5
35.05,48,485.4
35.06,48,486.3
35.05,48,487.1
35.05,48,488
35.05,48,488.9
35.05,48,489.8
35.02,48,490.7
35.03,48,491.6
35.01,49,492.4
35,49,493.3
35,49,494.2
34.99,49,495.1
34.99,49,496
34.98,49,496.9
34.98,49,497.7
34.96,49,498.6
34.96,49,499.5
34.93,50,500.4
34.94,50,501.3
34.93,50,502.1
34.91,50,503
34.9,50,503.9
34.89,50,504.8
34.89,113,505.7
34.89,114,506.6
34.91,63,507.4
34.98,63,508.3
35.06,63,509.2
35.16,63,510.1
35.24,63,511
35.32,64,511.8
35.39,64,512.7
35.47,64,513.6
35.54,64,514.5
35.62,64,515.4
35.68,65,516.2
35.75,65,517.1
35.81,65,518
35.87,65,518.9
35.93,66,519.8
35.99,66,520.6
36.06,66,521.5
36.11,66,522.4
36.18,66,523.3
36.23,67,524.2
36.29,67,525.1
36.35,67,525.9
36.41,67,526.8
36.45,68,527.7
36.51,68,528.6
36.56,68,529.5
36.61,68,530.3
36.67,68,531.2
36.72,68,532.1
36.78,68,533
36.82,69,533.9
36.88,69,534.8
36.92,69,535.6
36.99,69,536.5
37.03,69,537.4
37.09,69,538.3
37.14,69,539.2
37.19,69,540
37.25,69,540.9
37.3,69,541.8
37.36,69,542.7
37.41,69,543.6
37.45,69,544.5
37.5,69,545.3
37.55,69,546.2
37.6,69,547.1
37.64,69,548
37.7,69,548.9
37.73,69,549.7
37.78,69,550.6
37.81,69,551.5
37.87,69,552.4
37.88,70,553.3
37.92,70,554.1
37.97,70,555
37.99,70,555.9
38.03,70,556.8
38.07,70,557.7
38.11,70,558.6
38.17,69,559.4
38.21,69,560.3
38.25,69,561.2
38.3,69,562.1
38.34,69,563
38.38,69,563.8
38.42,69,564.7
38.46,69,565.6
38.49,69,566.5
38.53,69,567.4
38.56,69,568.3
38.59,68,569.1
38.62,69,570
38.65,69,570.9
38.67,69,571.8
38.7,69,572.7
38.72,69,573.5
38.73,69,574.4
38.75,69,575.3
38.77,69,576.2
38.77,69,577.1
38.79,69,578
38.82,69,578.8
38.83,69,579.7
38.86,69,580.6
38.89,69,581.5
38.91,69,582.4
38.93,69,583.2
38.97,69,584.1
38.99,69,585
39.03,69,585.9
39.06,69,586.8
39.08,69,587.7
39.1,68,588.5
39.12,68,589.4
39.16,68,590.3
39.19,68,591.2
39.22,68,592.1
39.24,68,592.9
39.26,68,593.8
39.29,68,594.7
39.33,67,595.6
39.35,67,596.5
39.37,67,597.3
39.39,67,598.2
39.41,67,599.1
39.43,67,600
39.43,67,600.9
39.46,67,601.8
39.48,67,602.6
39.48,67,603.5
39.49,67,604.4
39.49,67,605.3
39.51,67,606.2
39.52,67,607
39.53,67,607.9
39.54,67,608.8
39.56,66,609.7
39.57,66,610.6
39.59,66,611.5
39.59,66,612.3
39.59,67,613.2
39.61,66,614.1
39.62,66,615
39.63,66,615.9
39.65,66,616.7
39.67,66,617.6
39.68,66,618.5
39.68,66,619.4
39.69,66,620.3
39.7,66,621.2
39.71,66,622
39.71,66,622.9
39.72,66,623.8
39.73,66,624.7
39.73,66,625.6
39.74,66,626.4
39.74,66,627.3
39.72,66,628.2
39.74,66,629.1
39.75,66,630
39.75,66,630.8
39.76,66,631.7
39.77,66,632.6
39.75,66,633.5
39.77,66,634.4
39.8,66,635.3
39.79,66,636.1
39.78,66,637
39.79,66,637.9
39.78,66,638.8
39.77,66,639.7
39.78,66,640.5
39.78,66,641.4
39.77,66,642.3
39.79,66,643.2
39.77,67,644.1
39.78,66,645
39.79,66,645.8
39.77,67,646.7
39.75,67,647.6
39.76,67,648.5
39.75,67,649.4
39.74,67,650.2
39.77,67,651.1
39.77,67,652
39.76,67,652.9
39.77,67,653.8
39.79,67,654.7
39.81,67,655.5
39.81,67,656.4
39.82,67,657.3
39.84,67,658.2
39.84,67,659.1
39.87,66,659.9
39.86,66,660.8
39.89,66,661.7
39.89,66,662.6
39.9,66,663.5
39.9,66,664.3
39.91,66,665.2
39.92,66,666.1
39.94,66,667
39.94,66,667.9
39.92,66,668.8
39.93,66,669.6
39.94,66,670.5
39.93,66,671.4
39.94,66,672.3
39.94,66,673.2
39.91,66,674
39.94,66,674.9
39.94,66,675.8
39.93,66,676.7
39.93,66,677.6
39.94,66,678.5
39.93,66,679.3
39.95,66,680.2
39.95,66,681.1
39.95,66,682
39.95,66,682.9
39.95,66,683.7
39.95,66,684.6
39.96,66,685.5
39.96,66,686.4
39.97,66,687.3
39.97,66,688.2
39.97,66,689
39.97,66,689.9
39.97,66,690.8
39.96,66,691.7
39.96,66,692.6
39.95,66,693.4
39.96,66,694.3
39.95,66,695.2
39.95,66,696.1
39.93,66,697
39.93,66,697.8
39.91,66,698.7
39.9,67,699.6
39.9,67,700.5
39.9,67,701.4
39.91,67,702.3
39.89,67,703.1
39.9,67,704
39.92,67,704.9
39.9,67,705.8
39.92,67,706.7
39.92,67,707.5
39.92,67,708.4
39.96,66,709.3
39.95,66,710.2
39.96,66,711.1
39.98,66,712
39.98,66,712.8
39.98,66,713.7
39.99,66,714.6
39.99,66,715.5
40,66,716.4
40,66,717.2
39.99,66,718.1
40.01,65,719
39.99,66,719.9
39.99,66,720.8
39.99,66,721.7
39.99,66,722.5
39.98,66,723.4
39.97,66,724.3
39.96,66,725.2
39.94,66,726.1
39.93,67,726.9
39.91,67,727.8
39.9,67,728.7
39.88,67,729.6
39.86,67,730.5
39.85,68,731.4
39.83,68,732.2
39.82,68,733.1
39.82,68,734
39.81,68,734.9
39.81,68,735.8
39.81,68,736.6
39.82,68,737.5
39.83,68,738.4
39.84,68,739.3
39.85,68,740.2
39.86,68,741.1
39.88,68,741.9
39.9,68,742.8
39.91,67,743.7
39.93,67,744.6
39.95,67,745.5
39.96,67,746.3
39.98,67,747.2
39.97,67,748.1
40.01,66,749
40.02,66,749.9
40.03,66,750.7
40.04,66,751.6
40.04,66,752.5
40.05,66,753.4
40.07,65,754.3
40.07,66,755.2
40.07,65,756
40.09,65,756.9
40.1,65,757.8
40.08,65,758.7
40.11,65,759.6
40.1,65,760.5
40.03,66,761.3
40.12,65,762.2
40.11,65,763.1
40.11,65,764
39.96,67,764.9
40.16,64,765.8
40.04,66,766.6
40.11,65,767.5
40.1,65,768.4
39.96,67,769.3
40.08,65,770.2
40.02,66,771
40.1,65,771.9
40.04,66,772.8
40.07,65,773.7
40.13,64,774.6
40.11,65,775.5
40.11,64,776.3
40.13,64,777.2
40.1,65,778.1
40.09,65,779
40.08,65,779.9
40.13,64,780.8
40.11,64,781.6
40.07,65,782.5
40.11,64,783.4
40.23,63,784.3
40,66,785.2
40.04,65,786.1
39.98,66,786.9
40.07,65,787.8
40.09,64,788.7
40.03,65,789.6
40.09,64,790.5
40.06,65,791.3
40.03,65,792.2
40.07,65,793.1
40.06,65,794
40.06,65,794.9
40.04,65,795.8
40.07,65,796.6
40.06,65,797.5
40.04,65,798.4
40.04,65,799.3
40.04,65,800.2
40.04,65,801.1
40.03,65,801.9
40.04,65,802.8
40.04,65,803.7
40.02,65,804.6
40.03,65,805.5
40.03,65,806.4
40.02,65,807.2
40.02,65,808.1
40.01,65,809
40.01,128,809.9
40,129,810.8
40.02,61,811.6
40.1,62,812.5
40.18,62,813.4
40.23,62,814.3
40.28,63,815.2
40.32,64,816.1
40.35,64,816.9
40.37,65,817.8
40.38,66,818.7
40.38,67,819.6
40.38,68,820.5
40.4,69,821.3
40.4,71,822.2
40.4,72,823.1
40.41,73,824
40.4,74,824.9
40.42,75,825.7
40.43,76,826.6
40.46,77,827.5
40.48,77,828.4
40.51,78,829.3
40.53,79,830.2
40.55,80,831
40.6,80,831.9
40.64,81,832.8
40.66,82,833.7
40.72,82,834.6
40.76,83,835.4
40.8,83,836.3
40.84,84,837.2
40.88,84,838.1
40.96,84,839
40.99,85,839.9
41.04,85,840.7
41.09,85,841.6
41.14,86,842.5
41.19,86,843.4
41.26,86,844.3
41.31,86,845.1
41.37,87,846
41.47,86,846.9
41.53,86,847.8
41.56,87,848.7
41.63,87,849.5
41.69,87,850.4
41.73,87,851.3
41.79,87,852.2
41.85,87,853.1
41.91,87,854
41.96,87,854.8
42.03,87,855.7
42.08,87,856.6
42.14,87,857.5
42.21,87,858.4
42.27,87,859.2
42.33,87,860.1
42.38,87,861
42.44,87,861.9
42.48,87,862.8
42.53,87,863.7
42.61,87,864.5
42.67,86,865.4
42.7,87,866.3
42.75,87,867.2
42.81,86,868.1
42.85,86,868.9
42.87,87,869.8
42.93,86,870.7
42.99,86,871.6
43,86,872.5
43.04,87,873.4
43.08,87,874.2
43.11,87,875.1
43.15,87,876
43.19,86,876.9
43.23,86,877.8
43.26,87,878.6
43.31,86,879.5
43.33,86,880.4
43.37,86,881.3
43.41,86,882.2
43.43,86,883
43.47,86,883.9
43.49,86,884.8
43.53,86,885.7
43.55,86,886.6
43.58,86,887.5
43.6,87,888.3
43.63,86,889.2
43.65,86,890.1
43.69,86,891
43.72,86,891.9
43.71,87,892.7
43.73,87,893.6
43.76,87,894.5
43.77,87,895.4
43.81,87,896.3
43.83,87,897.2
43.85,87,898
43.88,87,898.9
43.89,87,899.8
43.94,86,900.7
43.93,87,901.6
43.96,87,902.4
44.01,86,903.3
44.04,86,904.2
44.06,86,905.1
44.07,86,906
44.1,86,906.9
44.12,86,907.7
44.13,86,908.6
44.16,86,909.5
44.17,86,910.4
44.18,86,911.3
44.2,86,912.1
44.22,86,913
44.24,86,913.9
44.26,86,914.8
44.29,86,915.7
44.32,86,916.5
44.32,86,917.4
44.35,86,918.3
44.36,86,919.2
44.39,85,920.1
44.42,85,921
44.43,85,921.8
44.45,85,922.7
44.46,85,923.6
44.48,85,924.5
44.48,85,925.4
44.47,85,926.2
44.48,85,927.1
44.5,85,928
44.48,86,928.9
44.49,86,929.8
44.49,86,930.7
44.5,86,931.5
44.52,86,932.4
44.52,86,933.3
44.54,86,934.2
44.54,86,935.1
44.57,85,935.9
44.57,86,936.8
44.55,86,937.7
44.56,86,938.6
44.58,86,939.5
44.58,86,940.4
44.55,86,941.2
44.56,86,942.1
44.56,86,943
44.56,86,943.9
44.56,87,944.8
44.56,87,945.6
44.58,87,946.5
44.57,87,947.4
44.58,87,948.3
44.58,87,949.2
44.58,87,950
44.6,87,950.9
44.61,87,951.8
44.62,87,952.7
44.62,87,953.6
44.66,86,954.5
44.64,87,955.3
44.69,86,956.2
44.7,86,957.1
44.74,86,958
44.74,86,958.9
44.75,86,959.7
44.75,86,960.6
44.78,86,961.5
44.77,86,962.4
44.79,85,963.3
44.81,85,964.2
44.81,85,965
44.81,85,965.9
44.79,86,966.8
44.8,86,967.7
44.79,86,968.6
44.79,86,969.4
44.78,86,970.3
44.76,86,971.2
44.77,86,972.1
44.78,86,973
44.77,86,973.9
44.77,86,974.7
44.77,86,975.6
44.79,86,976.5
44.8,86,977.4
44.82,86,978.3
44.82,86,979.1
44.81,86,980
44.84,86,980.9
44.81,86,981.8
44.83,86,982.7
44.82,86,983.6
44.81,86,984.4
44.8,87,985.3
44.81,87,986.2
44.81,87,987.1
44.82,86,988
44.82,86,988.8
44.83,87,989.7
44.82,87,990.6
44.84,86,991.5
44.84,86,992.4
44.85,86,993.2
44.87,86,994.1
44.88,86,995
44.89,86,995.9
44.91,86,996.8
44.92,86,997.7
44.93,86,998.5
44.94,85,999.4
44.95,85,1000.3
44.94,86,1001.2
44.93,86,1002.1
44.92,86,1003
44.9,86,1003.8
44.88,86,1004.7
44.87,86,1005.6
44.87,86,1006.5
44.85,87,1007.4
44.84,87,1008.3
44.83,87,1009.1
44.82,87,1010
44.82,87,1010.9
44.84,87,1011.8
44.82,87,1012.7
44.82,87,1013.6
44.82,87,1014.4
44.82,88,1015.3
44.8,88,1016.2
44.79,88,1017.1
44.8,88,1018
44.79,88,1018.9
44.78,88,1019.7
44.78,88,1020.6
44.78,88,1021.5
44.79,88,1022.4
44.77,89,1023.3
44.78,89,1024.2
44.81,88,1025
44.83,88,1025.9
44.84,88,1026.8
44.88,87,1027.7
44.9,87,1028.6
44.94,87,1029.5
44.97,86,1030.3
44.98,86,1031.2
45.02,86,1032.1
45.04,86,1033
45.07,85,1033.9
45.09,85,1034.8
45.11,85,1035.7
45.12,84,1036.5
45.14,84,1037.4
45.15,84,1038.3
45.16,84,1039.2
45.13,84,1040.1
45.12,84,1041
45.12,84,1041.8
45.1,85,1042.7
45.09,85,1043.6
45.09,85,1044.5
45.08,85,1045.4
45.07,85,1046.3
45.06,85,1047.2
45.05,85,1048
45.05,85,1048.9
45.03,85,1049.8
45.02,85,1050.7
45.02,85,1051.6
45.02,85,1052.5
45.01,85,1053.3
45,86,1054.2
45.01,85,1055.1
44.99,86,1056
44.96,86,1056.9
44.99,86,1057.8
44.97,86,1058.7
44.95,86,1059.5
44.97,86,1060.4
44.97,86,1061.3
44.97,86,1062.2
44.99,86,1063.1
44.99,86,1064
45.02,85,1064.8
45.01,85,1065.7
45.02,85,1066.6
45.04,85,1067.5
45.03,85,1068.4
45.04,85,1069.3
45.06,85,1070.1
45.07,85,1071
45.06,85,1071.9
45.06,85,1072.8
45.08,85,1073.7
45.06,85,1074.6
45.07,85,1075.5
45.07,85,1076.3
45.07,85,1077.2
45.07,85,1078.1
45.08,84,1079
45.08,84,1079.9
45.08,84,1080.8
45.08,84,1081.6
45.09,84,1082.5
45.09,84,1083.4
45.1,84,1084.3
45.1,84,1085.2
45.12,84,1086.1
45.1,84,1087
45.11,84,1087.8
45.1,84,1088.7
45.11,84,1089.6
45.11,84,1090.5
45.1,84,1091.4
45.13,83,1092.3
45.12,84,1093.1
45.09,84,1094
45.12,84,1094.9
45.12,83,1095.8
45.13,83,1096.7
45.13,83,1097.6
45.13,83,1098.5
45.13,83,1099.3
45.12,83,1100.2
45.15,83,1101.1
45.14,83,1102
45.15,83,1102.9
45.15,83,1103.8
45.17,82,1104.7
45.17,82,1105.5
45.17,82,1106.4
45.19,82,1107.3
45.18,82,1108.2
45.18,82,1109.1
45.19,82,1110
45.2,82,1110.8
45.19,82,1111.7
45.2,82,1112.6
45.2,82,1113.5
45.21,82,1114.4
45.21,81,1115.3
45.2,81,1116.2
45.21,81,1117
45.2,81,1117.9
45.19,81,1118.8
45.16,82,1119.7
45.15,82,1120.6
45.15,82,1121.5
45.14,82,1122.3
45.12,82,1123.2
45.12,82,1124.1
45.1,82,1125
45.07,83,1125.9
45.07,83,1126.8
45.05,83,1127.7
45.05,83,1128.5
45.04,83,1129.4
45.02,83,1130.3
45.02,83,1131.2
45.01,83,1132.1
45.02,83,1133
45,84,1133.8
45.03,83,1134.7
45.02,83,1135.6
45.02,83,1136.5
45.04,83,1137.4
45.04,83,1138.3
45.05,83,1139.2
45.05,83,1140
45.05,83,1140.9
45.05,83,1141.8
45.05,83,1142.7
45.04,83,1143.6
45.04,83,1144.5
45.06,83,1145.3
45.07,82,1146.2
45.06,83,1147.1
45.07,82,1148
45.06,82,1148.9
45.06,83,1149.8
45.07,82,1150.7
45.05,83,1151.5
45.05,83,1152.4
45.03,83,1153.3
45.03,83,1154.2
45.01,83,1155.1
45.02,83,1156
45,83,1156.8
45,83,1157.7
44.99,83,1158.6
44.99,83,1159.5
44.98,83,1160.4
44.99,83,1161.3
44.94,84,1162.1
44.95,84,1163
44.8,86,1163.9
44.94,84,1164.8
44.98,84,1165.7
44.97,84,1166.6
44.91,84,1167.5
44.88,85,1168.3
44.95,84,1169.2
44.88,85,1170.1
44.95,84,1171
44.88,85,1171.9
44.74,87,1172.8
44.98,84,1173.6
44.87,85,1174.5
44.75,87,1175.4
44.78,86,1176.3
44.89,85,1177.2
44.82,86,1178.1
44.8,86,1178.9
44.8,86,1179.8
44.78,87,1180.7
44.78,87,1181.6
44.8,87,1182.5
44.8,87,1183.4
44.78,87,1184.2
44.8,87,1185.1
44.81,87,1186
44.84,86,1186.9
44.86,86,1187.8
44.89,86,1188.7
44.92,85,1189.5
44.95,85,1190.4
44.95,85,1191.3
44.97,85,1192.2
45,84,1193.1
45.01,84,1194
45.02,84,1194.8
45.02,84,1195.7
45.07,84,1196.6
45.04,84,1197.5
45.05,84,1198.4
45.08,83,1199.3
45.06,84,1200.2
45.07,83,1201
45.06,84,1201.9
45.06,83,1202.8
45.06,83,1203.7
45.05,84,1204.6
45.04,84,1205.5
45.03,84,1206.3
45.01,84,1207.2
44.99,84,1208.1
44.99,84,1209
45,84,1209.9
45,84,1210.8
44.99,84,1211.7
45,84,1212.5
44.96,85,1213.4
44.96,85,1214.3
44.94,85,1215.2
45.02,84,1216.1
44.99,84,1217
45.01,84,1217.8
45,84,1218.7
45.01,84,1219.6
45.02,84,1220.5
45.03,84,1221.4
45.03,84,1222.3
45.03,84,1223.2
45.04,84,1224
45.07,83,1224.9
45.06,83,1225.8
45.08,83,1226.7
45.06,83,1227.6
45.05,83,1228.5
45.05,83,1229.3
45.04,84,1230.2
45.06,83,1231.1
45.05,83,1232
45.04,84,1232.9
45.03,84,1233.8
45.02,84,1234.7
45.01,84,1235.5
45.01,84,1236.4
45.01,84,1237.3
44.99,84,1238.2
44.99,84,1239.1
45.01,84,1240
45.01,84,1240.8
45,84,1241.7
45.02,84,1242.6
45.03,84,1243.5
45.05,83,1244.4
45.04,83,1245.3
45.06,83,1246.2
45.06,83,1247
45.05,83,1247.9
45.05,83,1248.8
45.07,83,1249.7
45.06,83,1250.6
45.04,83,1251.5
45.06,83,1252.3
45.07,83,1253.2
45.07,83,1254.1
45.06,83,1255
45.08,83,1255.9
45.07,83,1256.8
45.05,83,1257.7
45.05,83,1258.5
45.07,83,1259.4
45.07,83,1260.3
45.07,83,1261.2
45.05,83,1262.1
45.06,83,1263
45.06,83,1263.8
45.06,83,1264.7
45.07,83,1265.6
45.06,83,1266.5
45.06,83,1267.4
45.07,83,1268.3
45.07,83,1269.2
45.05,83,1270
45.07,83,1270.9
45.06,83,1271.8
45.07,83,1272.7
45.06,83,1273.6
45.05,83,1274.5
45.05,83,1275.3
45.07,83,1276.2
45.06,83,1277.1
45.07,83,1278
45.07,83,1278.9
45.06,83,1279.8
45.08,82,1280.7
45.05,83,1281.5
45.07,82,1282.4
45.07,82,1283.3
45.06,83,1284.2
45.05,83,1285.1
45.06,82,1286
45.06,82,1286.8
45.04,83,1287.7
45.07,82,1288.6
45.07,82,1289.5
45.04,83,1290.4
45.06,82,1291.3
45.03,83,1292.2
45.05,83,1293
45.04,83,1293.9
45.04,83,1294.8
45.06,82,1295.7
45.05,83,1296.6
45.05,82,1297.5
45.05,83,1298.4
45.03,83,1299.2
45.05,82,1300.1
45.06,82,1301
45.03,83,1301.9
45.02,83,1302.8
45.03,83,1303.7
45.03,83,1304.5
45.02,83,1305.4
45.03,83,1306.3
45.01,83,1307.2
45.02,83,1308.1
45.02,83,1309
45.03,83,1309.9
45.01,83,1310.7
45.02,83,1311.6
45.02,83,1312.5
45.02,83,1313.4
45.03,83,1314.3
45.01,83,1315.2
45.03,83,1316
45.05,82,1316.9
45.05,82,1317.8
45.05,82,1318.7
45.05,82,1319.6
45.05,82,1320.5
45.05,82,1321.4
45.06,82,1322.2
45.06,82,1323.1
45.04,82,1324
45.05,82,1324.9
45.06,82,1325.8
45.06,82,1326.7
45.06,82,1327.5
45.04,82,1328.4
45.04,82,1329.3
45.04,82,1330.2
45.04,82,1331.1
45.04,82,1332
45.03,82,1332.9
45.05,82,1333.7
45.06,82,1334.6
45.05,82,1335.5
44.99,83,1336.4
45.02,82,1337.3
45.02,82,1338.2
45.01,83,1339
45.01,83,1339.9
45,83,1340.8
45.01,83,1341.7
45.01,83,1342.6
45,83,1343.5
45,83,1344.4
45.01,83,1345.2
45.03,82,1346.1
45.04,82,1347
45.03,82,1347.9
45.05,82,1348.8
45.04,82,1349.7
45.03,82,1350.5
45.01,83,1351.4
45.03,82,1352.3
45.02,82,1353.2
45.01,82,1354.1
45.01,83,1355
45.01,82,1355.9
45.01,82,1356.7
45,83,1357.6
45.02,82,1358.5
45.01,82,1359.4
45.01,83,1360.3
44.99,83,1361.2
45,83,1362
44.99,83,1362.9
44.96,83,1363.8
44.95,83,1364.7
44.93,83,1365.6
44.92,84,1366.5
44.89,84,1367.4
44.89,84,1368.2
44.87,84,1369.1
44.86,85,1370
44.85,85,1370.9
44.84,85,1371.8
44.8,85,1372.7
44.81,85,1373.5
44.81,85,1374.4
44.79,86,1375.3
44.79,86,1376.2
44.78,86,1377.1
44.79,86,1378
44.8,86,1378.8
44.8,86,1379.7
44.79,86,1380.6
44.81,86,1381.5
44.82,86,1382.4
44.83,86,1383.3
44.85,85,1384.1
44.85,85,1385
44.84,86,1385.9
44.87,85,1386.8
44.85,86,1387.7
44.85,86,1388.6
44.87,85,1389.4
44.87,85,1390.3
44.87,85,1391.2
44.91,85,1392.1
44.93,85,1393
44.93,85,1393.9
44.95,85,1394.7
44.94,85,1395.6
44.96,84,1396.5
44.96,84,1397.4
44.98,84,1398.3
44.98,84,1399.2
45,84,1400
44.99,84,1400.9
44.99,84,1401.8
44.99,84,1402.7
44.96,84,1403.6
44.94,85,1404.5
44.93,85,1405.3
44.9,85,1406.2
44.88,86,1407.1
44.86,86,1408
44.85,86,1408.9
44.84,86,1409.8
44.81,87,1410.6
44.82,86,1411.5
44.82,87,1412.4
44.83,86,1413.3
44.83,86,1414.2
44.84,86,1415.1
44.86,86,1416
44.87,86,1416.8
44.89,86,1417.7
44.9,86,1418.6
44.92,86,1419.5
44.93,85,1420.4
44.94,85,1421.3
44.93,85,1422.1
44.95,85,1423
44.95,85,1423.9
44.95,85,1424.8
44.97,85,1425.7
44.97,85,1426.6
44.98,85,1427.4
45.02,84,1428.3
44.98,85,1429.2
45,85,1430.1
44.98,85,1431
44.98,85,1431.9
45,85,1432.7
45,85,1433.6
45.02,84,1434.5
45.01,84,1435.4
45.02,84,1436.3
45.02,84,1437.2
45.03,84,1438
45.01,85,1438.9
45,85,1439.8
44.99,85,1440.7
44.98,85,1441.6
44.97,85,1442.5
44.94,85,1443.4
44.94,85,1444.2
44.93,86,1445.1
44.92,86,1446
44.9,86,1446.9
44.93,86,1447.8
44.94,86,1448.7
44.95,85,1449.5
44.96,85,1450.4
44.97,85,1451.3
44.99,85,1452.2
45.02,85,1453.1
45.02,85,1454
45.07,84,1454.8
45.06,84,1455.7
45.06,84,1456.6
45.07,84,1457.5
45.08,84,1458.4
45.09,84,1459.3
45.09,84,1460.2
45.09,83,1461
45.11,83,1461.9
45.1,83,1462.8
45.12,83,1463.7
45.12,83,1464.6
45.12,83,1465.5
45.11,83,1466.3
45.1,83,1467.2
45.1,83,1468.1
45.1,83,1469
45.11,83,1469.9
45.1,83,1470.8
45.1,83,1471.7
45.1,83,1472.5
45.08,83,1473.4
45.09,83,1474.3
45.09,83,1475.2
45.1,83,1476.1
45.08,83,1477
45.1,83,1477.8
45.1,83,1478.7
45.08,83,1479.6
45.04,84,1480.5
45.03,84,1481.4
45.01,84,1482.3
45,84,1483.2
45,84,1484
44.95,85,1484.9
44.96,85,1485.8
44.94,85,1486.7
44.92,85,1487.6
44.91,85,1488.5
44.93,85,1489.3
44.94,85,1490.2
44.96,85,1491.1
44.97,85,1492
44.96,85,1492.9
44.99,84,1493.8
44.98,84,1494.6
44.98,84,1495.5
44.99,84,1496.4
45.01,84,1497.3
45.01,84,1498.2
45.02,84,1499.1
45,84,1499.9
45.01,84,1500.8
45,84,1501.7
44.98,84,1502.6
45,84,1503.5
45.01,84,1504.4
45.01,84,1505.3
44.98,84,1506.1
44.98,85,1507
44.99,84,1507.9
44.98,84,1508.8
45,84,1509.7
45.01,84,1510.6
45.02,84,1511.4
44.99,84,1512.3
44.97,85,1513.2
45.01,84,1514.1
45,84,1515
44.98,85,1515.9
44.97,85,1516.7
44.97,85,1517.6
44.96,85,1518.5
44.96,85,1519.4
44.96,85,1520.3
44.94,85,1521.2
44.97,85,1522.1
44.96,85,1522.9
44.98,85,1523.8
44.99,84,1524.7
44.99,84,1525.6
44.99,84,1526.5
45,84,1527.4
45.02,84,1528.2
45.01,84,1529.1
45.01,84,1530
45.01,84,1530.9
45.01,84,1531.8
44.98,85,1532.7
44.98,85,1533.5
44.96,85,1534.4
44.94,85,1535.3
44.92,85,1536.2
44.91,86,1537.1
44.88,86,1538
44.85,86,1538.8
44.83,87,1539.7
44.8,87,1540.6
44.78,87,1541.5
44.76,88,1542.4
44.73,88,1543.3
44.73,88,1544.1
44.72,88,1545
44.72,88,1545.9
44.73,88,1546.8
44.75,88,1547.7
44.75,88,1548.6
44.78,88,1549.4
44.8,88,1550.3
44.83,87,1551.2
44.87,87,1552.1
44.89,87,1553
44.9,87,1553.9
44.92,86,1554.8
44.94,86,1555.6
44.96,86,1556.5
44.96,86,1557.4
44.98,86,1558.3
44.98,86,1559.2
44.97,86,1560.1
44.96,86,1560.9
44.95,86,1561.8
44.94,86,1562.7
44.96,86,1563.6
44.98,86,1564.5
44.99,86,1565.4
44.99,86,1566.2
45,85,1567.1
44.99,86,1568
44.99,86,1568.9
44.98,86,1569.8
44.96,86,1570.7
44.96,86,1571.5
44.94,86,1572.4
44.96,86,1573.3
44.98,86,1574.2
44.98,86,1575.1
44.98,86,1576
44.99,86,1576.8
45,86,1577.7
45.01,85,1578.6
45.05,85,1579.5
45.05,85,1580.4
45.06,85,1581.3
45.07,85,1582.2
45.09,84,1583
45.1,84,1583.9
45.11,84,1584.8
45.11,84,1585.7
45.13,84,1586.6
45.13,84,1587.5
45.13,84,1588.3
45.13,84,1589.2
45.14,83,1590.1
45.16,83,1591
45.15,83,1591.9
45.15,83,1592.8
45.15,83,1593.7
45.12,83,1594.5
45.11,84,1595.4
45.09,84,1596.3
45.05,84,1597.2
45.02,85,1598.1
45,85,1599
44.98,85,1599.8
44.94,86,1600.7
44.92,86,1601.6
44.88,86,1602.5
44.86,87,1603.4
44.85,87,1604.3
44.83,87,1605.1
44.81,88,1606
44.79,88,1606.9
44.79,88,1607.8
44.78,88,1608.7
44.78,88,1609.6
44.78,88,1610.4
44.81,88,1611.3
44.82,88,1612.2
44.85,87,1613.1
44.87,87,1614
44.88,87,1614.9
44.92,87,1615.8
44.93,87,1616.6
44.98,86,1617.5
45.01,86,1618.4
45.03,85,1619.3
45.05,85,1620.2
45.07,85,1621.1
45.1,84,1621.9
45.11,84,1622.8
45.12,84,1623.7
45.13,84,1624.6
45.14,84,1625.5
45.16,84,1626.4
45.15,84,1627.2
45.14,84,1628.1
45.13,84,1629
45.12,84,1629.9
45.1,84,1630.8
45.08,84,1631.7
45.08,84,1632.6
45.07,84,1633.4
45.07,84,1634.3
45.07,84,1635.2
45.07,84,1636.1
45.08,84,1637
45.09,84,1637.9
45.1,84,1638.8
45.09,84,1639.6
45.1,84,1640.5
45.12,84,1641.4
45.13,83,1642.3
45.13,83,1643.2
45.13,83,1644.1
45.14,83,1644.9
45.14,83,1645.8
45.17,83,1646.7
45.15,83,1647.6
45.16,83,1648.5
45.17,83,1649.4
45.17,83,1650.3
45.18,82,1651.1
45.16,83,1652
45.15,83,1652.9
45.15,83,1653.8
45.14,83,1654.7
45.16,82,1655.6
45.11,83,1656.4
45.11,83,1657.3
45.12,83,1658.2
45.04,84,1659.1
44.98,85,1660
45.13,83,1660.9
45.13,83,1661.8
45.09,83,1662.6
45.07,83,1663.5
45.03,84,1664.4
44.99,84,1665.3
45.08,83,1666.2
45.1,83,1667.1
45.12,83,1667.9
45.25,81,1668.8
45.26,81,1669.7
45.14,82,1670.6
45.06,83,1671.5
45.08,83,1672.4
45.08,83,1673.3
45.07,83,1674.1
45.05,83,1675
45.03,84,1675.9
45.03,84,1676.8
45.02,84,1677.7
44.99,84,1678.6
45.01,84,1679.4
44.98,84,1680.3
45,84,1681.2
44.98,84,1682.1
45,84,1683
45.01,84,1683.9
45.01,84,1684.7
44.98,84,1685.6
45.01,84,1686.5
45.01,84,1687.4
44.99,84,1688.3
44.95,85,1689.2
44.98,84,1690.1
44.96,85,1690.9
44.91,85,1691.8
44.88,85,1692.7
44.88,86,1693.6
44.86,86,1694.5
44.86,86,1695.4
44.84,86,1696.2
44.82,86,1697.1
44.84,86,1698
44.85,86,1698.9
44.84,86,1699.8
44.84,86,1700.7
44.83,86,1701.5
44.85,86,1702.4
44.85,86,1703.3
44.87,86,1704.2
44.87,86,1705.1
44.9,86,1706
44.88,86,1706.8
44.91,86,1707.7
44.92,86,1708.6
44.95,85,1709.5
44.94,85,1710.4
44.98,85,1711.3
45,85,1712.1
45.01,85,1713
45.01,85,1713.9
45.03,84,1714.8
45.04,84,1715.7
45.05,84,1716.6
45.09,83,1717.5
45.07,84,1718.3
45.08,84,1719.2
45.09,83,1720.1
45.1,83,1721
45.08,83,1721.9
45.13,83,1722.8
45.12,83,1723.6
45.14,83,1724.5
45.15,83,1725.4
45.14,83,1726.3
45.16,82,1727.2
45.17,82,1728.1
45.15,82,1729
45.15,82,1729.8
45.14,82,1730.7
45.14,82,1731.6
45.14,82,1732.5
45.16,82,1733.4
45.14,82,1734.3
45.12,82,1735.1
45.14,82,1736
45.13,82,1736.9
45.14,82,1737.8
45.13,82,1738.7
45.12,82,1739.6
45.13,82,1740.5
45.12,82,1741.3
45.11,82,1742.2
45.1,82,1743.1
45.09,83,1744
45.1,82,1744.9
45.1,82,1745.8
45.08,83,1746.6
45.1,82,1747.5
45.09,82,1748.4
45.08,83,1749.3
45.08,83,1750.2
45.07,83,1751.1
45.08,82,1752
45.07,83,1752.8
45.08,82,1753.7
45.07,83,1754.6
45.07,83,1755.5
45.07,83,1756.4
45.06,83,1757.3
45.08,82,1758.2
45.07,83,1759
45.07,82,1759.9
45.09,82,1760.8
45.08,82,1761.7
45.08,82,1762.6
45.07,82,1763.5
45.08,82,1764.3
45.08,82,1765.2
45.09,82,1766.1
