Temperature	PWM	Time
19.6,0,1.4
19.59,0,2.2
19.59,0,3
19.58,0,3.9
19.57,0,4.7
19.57,0,5.6
19.56,0,6.5
19.55,0,7.4
19.55,0,8.2
19.54,0,9.1
19.54,0,10
19.53,183,10.8
19.51,184,11.7
19.59,183,12.6
19.79,218,13.5
20.11,218,14.4
20.54,216,15.2
21.07,213,16.1
21.67,209,17
22.33,205,17.9
23.02,199,18.7
23.75,193,19.6
24.49,197,20.5
25.24,190,21.4
25.98,183,22.3
26.71,171,23.1
27.44,164,24
28.14,157,24.9
28.8,151,25.8
29.45,144,26.7
30.05,138,27.5
30.62,132,28.4
31.16,126,29.3
31.67,121,30.2
32.15,116,31.1
32.59,111,31.9
33,106,32.8
33.39,102,33.7
33.74,98,34.6
34.07,94,35.5
34.36,91,36.3
34.62,87,37.2
34.86,84,38.1
35.08,82,39
35.28,79,39.9
35.45,77,40.7
35.61,75,41.6
35.76,73,42.5
35.89,71,43.4
36,69,44.3
36.11,68,45.1
36.2,66,46
36.28,65,46.9
36.36,64,47.8
36.41,63,48.7
36.47,62,49.6
36.56,60,50.4
36.59,60,51.3
36.64,58,52.2
36.66,58,53.1
36.7,57,54
36.73,56,54.8
36.76,55,55.7
36.78,55,56.6
36.78,54,57.5
36.8,54,58.4
36.8,53,59.2
36.81,53,60.1
36.85,51,61
36.83,51,61.9
36.79,51,62.8
36.81,51,63.6
36.82,50,64.5
36.79,50,65.4
36.78,50,66.3
36.75,50,67.2
36.74,49,68
36.73,49,68.9
36.7,49,69.8
36.68,49,70.7
36.66,49,71.6
36.65,48,72.4
36.6,49,73.3
36.58,49,74.2
36.54,49,75.1
36.51,49,76
36.48,49,76.8
36.44,49,77.7
36.41,49,78.6
36.37,49,79.5
36.33,49,80.4
36.3,49,81.3
36.27,49,82.1
36.23,49,83
36.2,49,83.9
36.16,50,84.8
36.14,50,85.7
36.11,50,86.5
36.08,50,87.4
36.07,50,88.3
36.05,50,89.2
36.03,50,90.1
36.03,49,90.9
36.01,49,91.8
36,49,92.7
35.98,49,93.6
35.97,49,94.5
35.97,49,95.3
35.95,49,96.2
35.95,49,97.1
35.94,49,98
35.92,49,98.9
35.9,49,99.7
35.9,49,100.6
35.89,48,101.5
35.89,48,102.4
35.82,49,103.3
35.84,48,104.2
35.8,49,105
35.73,49,105.9
35.74,49,106.8
35.73,49,107.7
35.71,49,108.6
35.7,49,109.5
35.67,49,110.3
35.66,49,111.2
35.65,49,112.1
35.63,49,113
35.62,49,113.9
35.61,49,114.7
35.6,49,115.6
35.57,49,116.5
35.56,49,117.4
35.54,49,118.3
35.53,50,119.2
35.52,50,120
35.49,50,120.9
35.5,49,121.8
35.5,49,122.7
35.48,49,123.6
35.49,49,124.5
35.47,49,125.3
35.48,49,126.2
35.45,49,127.1
35.45,49,128
35.44,49,128.9
35.44,49,129.8
35.42,49,130.6
35.41,49,131.5
35.4,49,132.4
35.38,49,133.3
35.36,50,134.2
35.35,50,135
35.34,50,135.9
35.32,50,136.8
35.3,50,137.7
35.29,50,138.6
35.28,50,139.5
35.28,50,140.3
35.27,50,141.2
35.27,50,142.1
35.27,50,143
35.26,50,143.9
35.27,50,144.8
35.27,50,145.6
35.27,50,146.5
35.28,50,147.4
35.27,50,148.3
35.28,50,149.2
35.27,50,150.1
35.27,49,150.9
35.28,49,151.8
35.27,49,152.7
35.28,49,153.6
35.28,49,154.5
35.27,49,155.3
35.26,49,156.2
35.25,49,157.1
35.23,49,158
35.22,50,158.9
35.21,50,159.8
35.18,50,160.6
35.17,50,161.5
35.15,50,162.4
35.13,50,163.3
35.12,51,164.2
35.12,51,165.1
35.1,51,165.9
35.1,51,166.8
35.09,51,167.7
35.07,51,168.6
35.07,51,169.5
35.06,51,170.4
35.05,51,171.2
35.04,51,172.1
35.04,51,173
35.04,51,173.9
35.03,51,174.8
35.03,51,175.6
35.02,52,176.5
35.02,51,177.4
35.02,51,178.3
35.02,52,179.2
35.02,51,180.1
35.03,51,180.9
35.03,51,181.8
35.03,51,182.7
35.04,51,183.6
35.03,51,184.5
35.04,51,185.4
35.05,51,186.2
35.06,51,187.1
35.07,51,188
35.08,51,188.9
35.09,51,189.8
35.1,50,190.7
35.11,50,191.5
35.11,50,192.4
35.12,50,193.3
35.12,50,194.2
35.11,50,195.1
35.11,50,195.9
35.1,50,196.8
35.09,50,197.7
35.09,50,198.6
35.08,50,199.5
35.08,50,200.4
35.08,50,201.2
35.08,50,202.1
35.08,50,203
35.09,50,203.9
35.1,50,204.8
35.1,50,205.7
35.09,50,206.5
35.09,50,207.4
35.09,50,208.3
35.08,50,209.2
35.08,50,210.1
35.08,50,211
35.08,50,211.8
35.08,50,212.7
35.08,50,213.6
35.08,50,214.5
35.09,50,215.4
35.09,50,216.2
35.09,50,217.1
35.09,50,218
35.09,50,218.9
35.1,50,219.8
35.1,50,220.7
35.1,50,221.5
35.1,50,222.4
35.12,49,223.3
35.12,49,224.2
35.13,49,225.1
35.14,49,226
35.14,49,226.8
35.14,49,227.7
35.14,49,228.6
35.14,49,229.5
35.15,49,230.4
35.15,49,231.3
35.15,49,232.1
35.15,49,233
35.15,48,233.9
35.16,48,234.8
35.16,48,235.7
35.16,48,236.5
35.16,48,237.4
35.15,48,238.3
35.14,48,239.2
35.13,49,240.1
35.12,49,241
35.11,49,241.8
35.1,49,242.7
35.09,49,243.6
35.08,49,244.5
35.07,49,245.4
35.06,49,246.3
35.06,49,247.1
35.05,49,248
35.05,49,248.9
35.03,49,249.8
35.03,50,250.7
35.04,49,251.6
35.03,49,252.4
35.05,49,253.3
35.04,49,254.2
35.04,49,255.1
35.05,49,256
35.05,49,256.8
35.04,49,257.7
35.05,49,258.6
35.05,49,259.5
35.05,49,260.4
35.05,49,261.3
35.05,49,262.1
35.05,49,263
35.05,49,263.9
35.06,49,264.8
35.06,49,265.7
35.06,49,266.6
35.06,49,267.4
35.07,49,268.3
35.06,49,269.2
35.06,49,270.1
35.06,49,271
35.06,49,271.9
35.06,49,272.7
35.08,49,273.6
35.06,49,274.5
35.07,49,275.4
35.06,49,276.3
35.06,49,277.1
35.06,49,278
35.05,49,278.9
35.06,49,279.8
35.04,49,280.7
35.04,49,281.6
35.04,49,282.4
35.02,49,283.3
35.02,49,284.2
35,49,285.1
34.99,49,286
34.98,50,286.9
34.97,50,287.7
34.96,50,288.6
34.95,50,289.5
34.96,50,290.4
34.96,50,291.3
34.95,50,292.1
34.95,50,293
34.96,50,293.9
34.96,50,294.8
34.97,50,295.7
34.97,50,296.6
34.98,50,297.4
34.99,50,298.3
35,49,299.2
35.01,49,300.1
35.02,49,301
35.03,49,301.8
35.04,49,302.7
35.05,49,303.6
35.05,49,304.5
35.06,49,305.4
35.06,49,306.3
35.06,49,307.1
35.06,49,308
35.07,49,308.9
35.07,49,309.8
35.06,49,310.7
35.07,48,311.6
35.06,49,312.4
35.07,48,313.3
35.05,49,314.2
35.05,49,315.1
35.05,49,316
35.05,49,316.9
35.04,49,317.7
35.04,49,318.6
35.04,49,319.5
35.03,49,320.4
35.03,49,321.3
35.05,49,322.1
35.03,49,323
35.03,49,323.9
35.03,49,324.8
35.03,49,325.7
35.03,49,326.6
35.03,49,327.4
35.02,49,328.3
35.02,49,329.2
35.02,49,330.1
35.02,49,331
35.01,49,331.9
35.01,49,332.7
35.01,49,333.6
35.01,49,334.5
35.02,49,335.4
35.01,49,336.3
35.01,49,337.2
35.02,49,338
35.03,49,338.9
35.03,49,339.8
35.03,49,340.7
35.03,49,341.6
35.03,49,342.4
35.04,49,343.3
35.04,49,344.2
35.04,49,345.1
35.04,49,346
35.04,49,346.9
35.03,49,347.7
35.04,48,348.6
35.05,48,349.5
35.04,48,350.4
35.05,48,351.3
35.04,48,352.2
35.04,48,353
35.03,49,353.9
35.04,48,354.8
35.03,49,355.7
35.03,49,356.6
35.02,49,357.5
35.02,49,358.3
35.02,49,359.2
35.02,49,360.1
35.02,49,361
35.01,49,361.9
35,49,362.7
35.01,49,363.6
35.01,49,364.5
35.01,49,365.4
35.01,49,366.3
35,49,367.2
34.99,49,368
34.98,49,368.9
34.97,49,369.8
34.96,49,370.7
34.93,50,371.6
34.93,50,372.5
34.91,50,373.3
34.9,50,374.2
34.9,50,375.1
34.9,50,376
34.89,50,376.9
34.89,50,377.7
34.9,50,378.6
34.92,50,379.5
34.92,50,380.4
34.94,50,381.3
34.95,50,382.1
34.94,50,383
34.95,50,383.9
34.94,50,384.8
34.94,50,385.7
34.94,50,386.6
34.94,50,387.4
34.94,50,388.3
34.93,50,389.2
34.91,50,390.1
34.91,50,391
34.91,51,391.8
34.89,51,392.7
34.88,51,393.6
34.88,51,394.5
34.87,51,395.4
34.88,51,396.3
34.87,51,397.1
34.87,51,398
34.87,51,398.9
34.87,51,399.8
34.86,51,400.7
34.87,51,401.5
34.88,51,402.4
34.88,51,403.3
34.88,51,404.2
34.89,51,405.1
34.91,51,406
34.92,51,406.8
34.91,51,407.7
34.93,51,408.6
34.94,51,409.5
34.97,50,410.4
34.99,50,411.2
35.01,50,412.1
34.99,50,413
35.03,50,413.9
35.04,49,414.8
35.04,49,415.7
35.08,49,416.5
35.11,48,417.4
35,50,418.3
35.19,47,419.2
35.01,50,420.1
35.15,48,421
35.1,49,421.8
35.06,49,422.7
35.09,49,423.6
35.12,48,424.5
35.11,48,425.4
35.1,48,426.2
35.11,48,427.1
35.1,48,428
35.1,48,428.9
35.1,48,429.8
35.09,48,430.7
35.08,48,431.5
35.06,49,432.4
35.07,49,433.3
35.04,49,434.2
35.06,49,435.1
35.05,49,436
35.05,49,436.8
35.04,49,437.7
35.05,49,438.6
35.05,49,439.5
35.05,49,440.4
35.04,49,441.2
35.04,49,442.1
35.05,49,443
35.05,49,443.9
35.05,49,444.8
35.05,49,445.7
35.07,48,446.5
35.07,48,447.4
35.06,48,448.3
35.06,48,449.2
35.06,48,450.1
35.06,48,451
35.06,48,451.8
35.06,48,452.7
35.05,48,453.6
35.07,48,454.5
35.05,49,455.4
35.04,49,456.3
35.04,49,457.1
35.04,49,458
35.04,49,458.9
35.04,49,459.8
35.03,49,460.7
35.03,49,461.5
35.02,49,462.4
35.02,49,463.3
35.01,49,464.2
35.02,49,465.1
35.02,49,466
35.02,49,466.8
35.02,49,467.7
35.02,49,468.6
35.03,49,469.5
35.02,49,470.4
35.01,49,471.3
35.02,49,472.1
35.02,49,473
35.02,49,473.9
35.04,48,474.8
35.04,49,475.7
35.03,49,476.6
35.02,49,477.4
35.05,48,478.3
35.06,48,479.2
35.05,48,480.1
35.04,48,481
35.04,48,481.9
35.05,48,482.7
35.06,48,483.6
35.05,48,484.5
35.05,48,485.4
35.06,48,486.3
35.05,48,487.1
35.05,48,488
35.05,48,488.9
35.05,48,489.8
35.02,48,490.7
35.03,48,491.6
35.01,49,492.4
35,49,493.3
35,49,494.2
34.99,49,495.1
34.99,49,496
34.98,49,496.9
34.98,49,497.7
34.96,49,498.6
34.96,49,499.5
34.93,50,500.4
34.94,50,501.3
34.93,50,502.1
34.91,50,503
34.9,50,503.9
34.89,50,504.8
34.89,113,505.7
34.89,114,506.6
34.91,63,507.4
34.98,63,508.3
35.06,63,509.2
35.16,63,510.1
35.24,63,511
35.32,64,511.8
35.39,64,512.7
35.47,64,513.6
35.54,64,514.5
35.62,64,515.4
35.68,65,516.2
35.75,65,517.1
35.81,65,518
35.87,65,518.9
35.93,66,519.8
35.99,66,520.6
36.06,66,521.5
36.11,66,522.4
36.18,66,523.3
36.23,67,524.2
36.29,67,525.1
36.35,67,525.9
36.41,67,526.8
36.45,68,527.7
36.51,68,528.6
36.56,68,529.5
36.61,68,530.3
36.67,68,531.2
36.72,68,532.1
36.78,68,533
36.82,69,533.9
36.88,69,534.8
36.92,69,535.6
36.99,69,536.5
37.03,69,537.4
37.09,69,538.3
37.14,69,539.2
37.19,69,540
37.25,69,540.9
37.3,69,541.8
37.36,69,542.7
37.41,69,543.6
37.45,69,544.5
37.5,69,545.3
37.55,69,546.2
37.6,69,547.1
37.64,69,548
37.7,69,548.9
37.73,69,549.7
37.78,69,550.6
37.81,69,551.5
37.87,69,552.4
37.88,70,553.3
37.92,70,554.1
37.97,70,555
37.99,70,555.9
38.03,70,556.8
38.07,70,557.7
38.11,70,558.6
38.17,69,559.4
38.21,69,560.3
38.25,69,561.2
38.3,69,562.1
38.34,69,563
38.38,69,563.8
38.42,69,564.7
38.46,69,565.6
38.49,69,566.5
38.53,69,567.4
38.56,69,568.3
38.59,68,569.1
38.62,69,570
38.65,69,570.9
38.67,69,571.8
38.7,69,572.7
38.72,69,573.5
38.73,69,574.4
38.75,69,575.3
38.77,69,576.2
38.77,69,577.1
38.79,69,578
38.82,69,578.8
38.83,69,579.7
38.86,69,580.6
38.89,69,581.5
38.91,69,582.4
38.93,69,583.2
38.97,69,584.1
38.99,69,585
39.03,69,585.9
39.06,69,586.8
39.08,69,587.7
39.1,68,588.5
39.12,68,589.4
39.16,68,590.3
39.19,68,591.2
39.22,68,592.1
39.24,68,592.9
39.26,68,593.8
39.29,68,594.7
39.33,67,595.6
39.35,67,596.5
39.37,67,597.3
39.39,67,598.2
39.41,67,599.1
39.43,67,600
39.43,67,600.9
39.46,67,601.8
39.48,67,602.6
39.48,67,603.5
39.49,67,604.4
39.49,67,605.3
39.51,67,606.2
39.52,67,607
39.53,67,607.9
39.54,67,608.8
39.56,66,609.7
39.57,66,610.6
39.59,66,611.5
39.59,66,612.3
39.59,67,613.2
39.61,66,614.1
39.62,66,615
39.63,66,615.9
39.65,66,616.7
39.67,66,617.6
39.68,66,618.5
39.68,66,619.4
39.69,66,620.3
39.7,66,621.2
39.71,66,622
39.71,66,622.9
39.72,66,623.8
39.73,66,624.7
39.73,66,625.6
39.74,66,626.4
39.74,66,627.3
39.72,66,628.2
39.74,66,629.1
39.75,66,630
39.75,66,630.8
39.76,66,631.7
39.77,66,632.6
39.75,66,633.5
39.77,66,634.4
39.8,66,635.3
39.79,66,636.1
39.78,66,637
39.79,66,637.9
39.78,66,638.8
39.77,66,639.7
39.78,66,640.5
39.78,66,641.4
39.77,66,642.3
39.79,66,643.2
39.77,67,644.1
39.78,66,645
39.79,66,645.8
39.77,67,646.7
39.75,67,647.6
39.76,67,648.5
39.75,67,649.4
39.74,67,650.2
39.77,67,651.1
39.77,67,652
39.76,67,652.9
39.77,67,653.8
39.79,67,654.7
39.81,67,655.5
39.81,67,656.4
39.82,67,657.3
39.84,67,658.2
39.84,67,659.1
39.87,66,659.9
39.86,66,660.8
39.89,66,661.7
39.89,66,662.6
39.9,66,663.5
39.9,66,664.3
39.91,66,665.2
39.92,66,666.1
39.94,66,667
39.94,66,667.9
39.92,66,668.8
39.93,66,669.6
39.94,66,670.5
39.93,66,671.4
39.94,66,672.3
39.94,66,673.2
39.91,66,674
39.94,66,674.9
39.94,66,675.8
39.93,66,676.7
39.93,66,677.6
39.94,66,678.5
39.93,66,679.3
39.95,66,680.2
39.95,66,681.1
39.95,66,682
39.95,66,682.9
39.95,66,683.7
39.95,66,684.6
39.96,66,685.5
39.96,66,686.4
39.97,66,687.3
39.97,66,688.2
39.97,66,689
39.97,66,689.9
39.97,66,690.8
39.96,66,691.7
39.96,66,692.6
39.95,66,693.4
39.96,66,694.3
39.95,66,695.2
39.95,66,696.1
39.93,66,697
39.93,66,697.8
39.91,66,698.7
39.9,67,699.6
39.9,67,700.5
39.9,67,701.4
39.91,67,702.3
39.89,67,703.1
39.9,67,704
39.92,67,704.9
39.9,67,705.8
39.92,67,706.7
39.92,67,707.5
39.92,67,708.4
39.96,66,709.3
39.95,66,710.2
39.96,66,711.1
39.98,66,712
39.98,66,712.8
39.98,66,713.7
39.99,66,714.6
39.99,66,715.5
40,66,716.4
40,66,717.2
39.99,66,718.1
40.01,65,719
39.99,66,719.9
39.99,66,720.8
39.99,66,721.7
39.99,66,722.5
39.98,66,723.4
39.97,66,724.3
39.96,66,725.2
39.94,66,726.1
39.93,67,726.9
39.91,67,727.8
39.9,67,728.7
39.88,67,729.6
39.86,67,730.5
39.85,68,731.4
39.83,68,732.2
39.82,68,733.1
39.82,68,734
39.81,68,734.9
39.81,68,735.8
39.81,68,736.6
39.82,68,737.5
39.83,68,738.4
39.84,68,739.3
39.85,68,740.2
39.86,68,741.1
39.88,68,741.9
39.9,68,742.8
39.91,67,743.7
39.93,67,744.6
39.95,67,745.5
39.96,67,746.3
39.98,67,747.2
39.97,67,748.1
40.01,66,749
40.02,66,749.9
40.03,66,750.7
40.04,66,751.6
40.04,66,752.5
40.05,66,753.4
40.07,65,754.3
40.07,66,755.2
40.07,65,756
40.09,65,756.9
40.1,65,757.8
40.08,65,758.7
40.11,65,759.6
40.1,65,760.5
40.03,66,761.3
40.12,65,762.2
40.11,65,763.1
40.11,65,764
39.96,67,764.9
40.16,64,765.8
40.04,66,766.6
40.11,65,767.5
40.1,65,768.4
39.96,67,769.3
40.08,65,770.2
40.02,66,771
40.1,65,771.9
40.04,66,772.8
40.07,65,773.7
40.13,64,774.6
40.11,65,775.5
40.11,64,776.3
40.13,64,777.2
40.1,65,778.1
40.09,65,779
40.08,65,779.9
40.13,64,780.8
40.11,64,781.6
40.07,65,782.5
40.11,64,783.4
40.23,63,784.3
40,66,785.2
40.04,65,786.1
39.98,66,786.9
40.07,65,787.8
40.09,64,788.7
40.03,65,789.6
40.09,64,790.5
40.06,65,791.3
40.03,65,792.2
40.07,65,793.1
40.06,65,794
40.06,65,794.9
40.04,65,795.8
40.07,65,796.6
40.06,65,797.5
40.04,65,798.4
40.04,65,799.3
40.04,65,800.2
40.04,65,801.1
40.03,65,801.9
40.04,65,802.8
40.04,65,803.7
40.02,65,804.6
40.03,65,805.5
40.03,65,806.4
40.02,65,807.2
40.02,65,808.1
40.01,65,809
40.01,128,809.9
40,129,810.8
40.02,61,811.6
40.1,62,812.5
40.18,62,813.4
40.23,62,814.3
40.28,63,815.2
40.32,64,816.1
40.35,64,816.9
40.37,65,817.8
40.38,66,818.7
40.38,67,819.6
40.38,68,820.5
40.4,69,821.3
40.4,71,822.2
40.4,72,823.1
40.41,73,824
40.4,74,824.9
40.42,75,825.7
40.43,76,826.6
40.46,77,827.5
40.48,77,828.4
40.51,78,829.3
40.53,79,830.2
40.55,80,831
40.6,80,831.9
40.64,81,832.8
40.66,82,833.7
40.72,82,834.6
40.76,83,835.4
40.8,83,836.3
40.84,84,837.2
40.88,84,838.1
40.96,84,839
40.99,85,839.9
41.04,85,840.7
41.09,85,841.6
41.14,86,842.5
41.19,86,843.4
41.26,86,844.3
41.31,86,845.1
41.37,87,846
41.47,86,846.9
41.53,86,847.8
41.56,87,848.7
41.63,87,849.5
41.69,87,850.4
41.73,87,851.3
41.79,87,852.2
41.85,87,853.1
41.91,87,854
41.96,87,854.8
42.03,87,855.7
42.08,87,856.6
42.14,87,857.5
42.21,87,858.4
42.27,87,859.2
42.33,87,860.1
42.38,87,861
42.44,87,861.9
42.48,87,862.8
42.53,87,863.7
42.61,87,864.5
42.67,86,865.4
42.7,87,866.3
42.75,87,867.2
42.81,86,868.1
42.85,86,868.9
42.87,87,869.8
42.93,86,870.7
42.99,86,871.6
43,86,872.5
43.04,87,873.4
43.08,87,874.2
43.11,87,875.1
43.15,87,876
43.19,86,876.9
43.23,86,877.8
43.26,87,878.6
43.31,86,879.5
43.33,86,880.4
43.37,86,881.3
43.41,86,882.2
43.43,86,883
43.47,86,883.9
43.49,86,884.8
43.53,86,885.7
43.55,86,886.6
43.58,86,887.5
43.6,87,888.3
43.63,86,889.2
43.65,86,890.1
43.69,86,891
43.72,86,891.9
43.71,87,892.7
43.73,87,893.6
43.76,87,894.5
43.77,87,895.4
43.81,87,896.3
43.83,87,897.2
43.85,87,898
43.88,87,898.9
43.89,87,899.8
43.94,86,900.7
43.93,87,901.6
43.96,87,902.4
44.01,86,903.3
44.04,86,904.2
44.06,86,905.1
44.07,86,906
44.1,86,906.9
44.12,86,907.7
44.13,86,908.6
44.16,86,909.5
44.17,86,910.4
44.18,86,911.3
44.2,86,912.1
44.22,86,913
44.24,86,913.9
44.26,86,914.8
44.29,86,915.7
44.32,86,916.5
44.32,86,917.4
44.35,86,918.3
44.36,86,919.2
44.39,85,920.1
44.42,85,921
44.43,85,921.8
44.45,85,922.7
44.46,85,923.6
44.48,85,924.5
44.48,85,925.4
44.47,85,926.2
44.48,85,927.1
44.5,85,928
44.48,86,928.9
44.49,86,929.8
44.49,86,930.7
44.5,86,931.5
44.52,86,932.4
44.52,86,933.3
44.54,86,934.2
44.54,86,935.1
44.57,85,935.9
44.57,86,936.8
44.55,86,937.7
44.56,86,938.6
44.58,86,939.5
44.58,86,940.4
44.55,86,941.2
44.56,86,942.1
44.56,86,943
44.56,86,943.9
44.56,87,944.8
44.56,87,945.6
44.58,87,946.5
44.57,87,947.4
44.58,87,948.3
44.58,87,949.2
44.58,87,950
44.6,87,950.9
44.61,87,951.8
44.62,87,952.7
44.62,87,953.6
44.66,86,954.5
44.64,87,955.3
44.69,86,956.2
44.7,86,957.1
44.74,86,958
44.74,86,958.9
44.75,86,959.7
44.75,86,960.6
44.78,86,961.5
44.77,86,962.4
44.79,85,963.3
44.81,85,964.2
44.81,85,965
44.81,85,965.9
44.79,86,966.8
44.8,86,967.7
44.79,86,968.6
44.79,86,969.4
44.78,86,970.3
44.76,86,971.2
44.77,86,972.1
44.78,86,973
44.77,86,973.9
44.77,86,974.7
44.77,86,975.6
44.79,86,976.5
44.8,86,977.4
44.82,86,978.3
44.82,86,979.1
44.81,86,980
44.84,86,980.9
44.81,86,981.8
44.83,86,982.7
44.82,86,983.6
44.81,86,984.4
44.8,87,985.3
44.81,87,986.2
44.81,87,987.1
44.82,86,988
44.82,86,988.8
44.83,87,989.7
44.82,87,990.6
44.84,86,991.5
44.84,86,992.4
44.85,86,993.2
44.87,86,994.1
44.88,86,995
44.89,86,995.9
44.91,86,996.8
44.92,86,997.7
44.93,86,998.5
44.94,85,999.4
44.95,85,1000.3
44.94,86,1001.2
44.93,86,1002.1
44.92,86,1003
44.9,86,1003.8
44.88,86,1004.7
44.87,86,1005.6
44.87,86,1006.5
44.85,87,1007.4
44.84,87,1008.3
44.83,87,1009.1
44.82,87,1010
44.82,87,1010.9
44.84,87,1011.8
44.82,87,1012.7
44.82,87,1013.6
44.82,87,1014.4
44.82,88,1015.3
44.8,88,1016.2
44.79,88,1017.1
44.8,88,1018
44.79,88,1018.9
44.78,88,1019.7
44.78,88,1020.6
44.78,88,1021.5
44.79,88,1022.4
44.77,89,1023.3
44.78,89,1024.2
44.81,88,1025
44.83,88,1025.9
44.84,88,1026.8
44.88,87,1027.7
44.9,87,1028.6
44.94,87,1029.5
44.97,86,1030.3
44.98,86,1031.2
45.02,86,1032.1
45.04,86,1033
45.07,85,1033.9
45.09,85,1034.8
45.11,85,1035.7
45.12,84,1036.5
45.14,84,1037.4
45.15,84,1038.3
45.16,84,1039.2
45.13,84,1040.1
45.12,84,1041
45.12,84,1041.8
45.1,85,1042.7
45.09,85,1043.6
45.09,85,1044.5
45.08,85,1045.4
45.07,85,1046.3
45.06,85,1047.2
45.05,85,1048
45.05,85,1048.9
45.03,85,1049.8
45.02,85,1050.7
45.02,85,1051.6
45.02,85,1052.5
45.01,85,1053.3
45,86,1054.2
45.01,85,1055.1
44.99,86,1056
44.96,86,1056.9
44.99,86,1057.8
44.97,86,1058.7
44.95,86,1059.5
44.97,86,1060.4
44.97,86,1061.3
44.97,86,1062.2
44.99,86,1063.1
44.99,86,1064
45.02,85,1064.8
45.01,85,1065.7
45.02,85,1066.6
45.04,85,1067.5
45.03,85,1068.4
45.04,85,1069.3
45.06,85,1070.1
45.07,85,1071
45.06,85,1071.9
45.06,85,1072.8
45.08,85,1073.7
45.06,85,1074.6
45.07,85,1075.5
45.07,85,1076.3
45.07,85,1077.2
45.07,85,1078.1
45.08,84,1079
45.08,84,1079.9
45.08,84,1080.8
45.08,84,1081.6
45.09,84,1082.5
45.09,84,1083.4
45.1,84,1084.3
45.1,84,1085.2
45.12,84,1086.1
45.1,84,1087
45.11,84,1087.8
45.1,84,1088.7
45.11,84,1089.6
45.11,84,1090.5
45.1,84,1091.4
45.13,83,1092.3
45.12,84,1093.1
45.09,84,1094
45.12,84,1094.9
45.12,83,1095.8
45.13,83,1096.7
45.13,83,1097.6
45.13,83,1098.5
45.13,83,1099.3
45.12,83,1100.2
45.15,83,1101.1
45.14,83,1102
45.15,83,1102.9
45.15,83,1103.8
45.17,82,1104.7
45.17,82,1105.5
45.17,82,1106.4
45.19,82,1107.3
45.18,82,1108.2
45.18,82,1109.1
45.19,82,1110
45.2,82,1110.8
45.19,82,1111.7
45.2,82,1112.6
45.2,82,1113.5
45.21,82,1114.4
45.21,81,1115.3
45.2,81,1116.2
45.21,81,1117
45.2,81,1117.9
45.19,81,1118.8
45.16,82,1119.7
45.15,82,1120.6
45.15,82,1121.5
45.14,82,1122.3
45.12,82,1123.2
45.12,82,1124.1
45.1,82,1125
45.07,83,1125.9
45.07,83,1126.8
45.05,83,1127.7
45.05,83,1128.5
45.04,83,1129.4
45.02,83,1130.3
45.02,83,1131.2
45.01,83,1132.1
45.02,83,1133
45,84,1133.8
45.03,83,1134.7
45.02,83,1135.6
45.02,83,1136.5
45.04,83,1137.4
45.04,83,1138.3
45.05,83,1139.2
45.05,83,1140
45.05,83,1140.9
45.05,83,1141.8
45.05,83,1142.7
45.04,83,1143.6
45.04,83,1144.5
45.06,83,1145.3
45.07,82,1146.2
45.06,83,1147.1
45.07,82,1148
45.06,82,1148.9
45.06,83,1149.8
45.07,82,1150.7
45.05,83,1151.5
45.05,83,1152.4
45.03,83,1153.3
45.03,83,1154.2
45.01,83,1155.1
45.02,83,1156
45,83,1156.8
45,83,1157.7
44.99,83,1158.6
44.99,83,1159.5
44.98,83,1160.4
44.99,83,1161.3
44.94,84,1162.1
44.95,84,1163
44.8,86,1163.9
44.94,84,1164.8
44.98,84,1165.7
44.97,84,1166.6
44.91,84,1167.5
44.88,85,1168.3
44.95,84,1169.2
44.88,85,1170.1
44.95,84,1171
44.88,85,1171.9
44.74,87,1172.8
44.98,84,1173.6
44.87,85,1174.5
44.75,87,1175.4
44.78,86,1176.3
44.89,85,1177.2
44.82,86,1178.1
44.8,86,1178.9
44.8,86,1179.8
44.78,87,1180.7
44.78,87,1181.6
44.8,87,1182.5
44.8,87,1183.4
44.78,87,1184.2
44.8,87,1185.1
44.81,87,1186
44.84,86,1186.9
44.86,86,1187.8
44.89,86,1188.7
44.92,85,1189.5
44.95,85,1190.4
44.95,85,1191.3
44.97,85,1192.2
45,84,1193.1
45.01,84,1194
45.02,84,1194.8
45.02,84,1195.7
45.07,84,1196.6
45.04,84,1197.5
45.05,84,1198.4
45.08,83,1199.3
45.06,84,1200.2
45.07,83,1201
45.06,84,1201.9
45.06,83,1202.8
45.06,83,1203.7
45.05,84,1204.6
45.04,84,1205.5
45.03,84,1206.3
45.01,84,1207.2
44.99,84,1208.1
44.99,84,1209
45,84,1209.9
45,84,1210.8
44.99,84,1211.7
45,84,1212.5
44.96,85,1213.4
44.96,85,1214.3
44.94,85,1215.2
45.02,84,1216.1
44.99,84,1217
45.01,84,1217.8
45,84,1218.7
45.01,84,1219.6
45.02,84,1220.5
45.03,84,1221.4
45.03,84,1222.3
45.03,84,1223.2
45.04,84,1224
45.07,83,1224.9
45.06,83,1225.8
45.08,83,1226.7
45.06,83,1227.6
45.05,83,1228.5
45.05,83,1229.3
45.04,84,1230.2
45.06,83,1231.1
45.05,83,1232
45.04,84,1232.9
45.03,84,1233.8
45.02,84,1234.7
45.01,84,1235.5
45.01,84,1236.4
45.01,84,1237.3
44.99,84,1238.2
44.99,84,1239.1
45.01,84,1240
45.01,84,1240.8
45,84,1241.7
45.02,84,1242.6
45.03,84,1243.5
45.05,83,1244.4
45.04,83,1245.3
45.06,83,1246.2
45.06,83,1247
45.05,83,1247.9
45.05,83,1248.8
45.07,83,1249.7
45.06,83,1250.6
45.04,83,1251.5
45.06,83,1252.3
45.07,83,1253.2
45.07,83,1254.1
45.06,83,1255
45.08,83,1255.9
45.07,83,1256.8
45.05,83,1257.7
45.05,83,1258.5
45.07,83,1259.4
45.07,83,1260.3
45.07,83,1261.2
45.05,83,1262.1
45.06,83,1263
45.06,83,1263.8
45.06,83,1264.7
45.07,83,1265.6
45.06,83,1266.5
45.06,83,1267.4
45.07,83,1268.3
45.07,83,1269.2
45.05,83,1270
45.07,83,1270.9
45.06,83,1271.8
45.07,83,1272.7
45.06,83,1273.6
45.05,83,1274.5
45.05,83,1275.3
45.07,83,1276.2
45.06,83,1277.1
45.07,83,1278
45.07,83,1278.9
45.06,83,1279.8
45.08,82,1280.7
45.05,83,1281.5
45.07,82,1282.4
45.07,82,1283.3
45.06,83,1284.2
45.05,83,1285.1
45.06,82,1286
45.06,82,1286.8
45.04,83,1287.7
45.07,82,1288.6
45.07,82,1289.5
45.04,83,1290.4
45.06,82,1291.3
45.03,83,1292.2
45.05,83,1293
45.04,83,1293.9
45.04,83,1294.8
45.06,82,1295.7
45.05,83,1296.6
45.05,82,1297.5
45.05,83,1298.4
45.03,83,1299.2
45.05,82,1300.1
45.06,82,1301
45.03,83,1301.9
45.02,83,1302.8
45.03,83,1303.7
45.03,83,1304.5
45.02,83,1305.4
45.03,83,1306.3
45.01,83,1307.2
45.02,83,1308.1
45.02,83,1309
45.03,83,1309.9
45.01,83,1310.7
45.02,83,1311.6
45.02,83,1312.5
45.02,83,1313.4
45.03,83,1314.3
45.01,83,1315.2
45.03,83,1316
45.05,82,1316.9
45.05,82,1317.8
45.05,82,1318.7
45.05,82,1319.6
45.05,82,1320.5
45.05,82,1321.4
45.06,82,1322.2
45.06,82,1323.1
45.04,82,1324
45.05,82,1324.9
45.06,82,1325.8
45.06,82,1326.7
45.06,82,1327.5
45.04,82,1328.4
45.04,82,1329.3
45.04,82,1330.2
45.04,82,1331.1
45.04,82,1332
45.03,82,1332.9
45.05,82,1333.7
45.06,82,1334.6
45.05,82,1335.5
44.99,83,1336.4
45.02,82,1337.3
45.02,82,1338.2
45.01,83,1339
45.01,83,1339.9
45,83,1340.8
45.01,83,1341.7
45.01,83,1342.6
45,83,1343.5
45,83,1344.4
45.01,83,1345.2
45.03,82,1346.1
45.04,82,1347
45.03,82,1347.9
45.05,82,1348.8
45.04,82,1349.7
45.03,82,1350.5
45.01,83,1351.4
45.03,82,1352.3
45.02,82,1353.2
45.01,82,1354.1
45.01,83,1355
45.01,82,1355.9
45.01,82,1356.7
45,83,1357.6
45.02,82,1358.5
45.01,82,1359.4
45.01,83,1360.3
44.99,83,1361.2
45,83,1362
44.99,83,1362.9
44.96,83,1363.8
44.95,83,1364.7
44.93,83,1365.6
44.92,84,1366.5
44.89,84,1367.4
44.89,84,1368.2
44.87,84,1369.1
44.86,85,1370
44.85,85,1370.9
44.84,85,1371.8
44.8,85,1372.7
44.81,85,1373.5
44.81,85,1374.4
44.79,86,1375.3
44.79,86,1376.2
44.78,86,1377.1
44.79,86,1378
44.8,86,1378.8
44.8,86,1379.7
44.79,86,1380.6
44.81,86,1381.5
44.82,86,1382.4
44.83,86,1383.3
44.85,85,1384.1
44.85,85,1385
44.84,86,1385.9
44.87,85,1386.8
44.85,86,1387.7
44.85,86,1388.6
44.87,85,1389.4
44.87,85,1390.3
44.87,85,1391.2
44.91,85,1392.1
44.93,85,1393
44.93,85,1393.9
44.95,85,1394.7
44.94,85,1395.6
44.96,84,1396.5
44.96,84,1397.4
44.98,84,1398.3
44.98,84,1399.2
45,84,1400
44.99,84,1400.9
44.99,84,1401.8
44.99,84,1402.7
44.96,84,1403.6
44.94,85,1404.5
44.93,85,1405.3
44.9,85,1406.2
44.88,86,1407.1
44.86,86,1408
44.85,86,1408.9
44.84,86,1409.8
44.81,87,1410.6
44.82,86,1411.5
44.82,87,1412.4
44.83,86,1413.3
44.83,86,1414.2
44.84,86,1415.1
44.86,86,1416
44.87,86,1416.8
44.89,86,1417.7
44.9,86,1418.6
44.92,86,1419.5
44.93,85,1420.4
44.94,85,1421.3
44.93,85,1422.1
44.95,85,1423
44.95,85,1423.9
44.95,85,1424.8
44.97,85,1425.7
44.97,85,1426.6
44.98,85,1427.4
45.02,84,1428.3
44.98,85,1429.2
45,85,1430.1
44.98,85,1431
44.98,85,1431.9
45,85,1432.7
45,85,1433.6
45.02,84,1434.5
45.01,84,1435.4
45.02,84,1436.3
45.02,84,1437.2
45.03,84,1438
45.01,85,1438.9
45,85,1439.8
44.99,85,1440.7
44.98,85,1441.6
44.97,85,1442.5
44.94,85,1443.4
44.94,85,1444.2
44.93,86,1445.1
44.92,86,1446
44.9,86,1446.9
44.93,86,1447.8
44.94,86,1448.7
44.95,85,1449.5
44.96,85,1450.4
44.97,85,1451.3
44.99,85,1452.2
45.02,85,1453.1
45.02,85,1454
45.07,84,1454.8
45.06,84,1455.7
45.06,84,1456.6
45.07,84,1457.5
45.08,84,1458.4
45.09,84,1459.3
45.09,84,1460.2
45.09,83,1461
45.11,83,1461.9
45.1,83,1462.8
45.12,83,1463.7
45.12,83,1464.6
45.12,83,1465.5
45.11,83,1466.3
45.1,83,1467.2
45.1,83,1468.1
45.1,83,1469
45.11,83,1469.9
45.1,83,1470.8
45.1,83,1471.7
45.1,83,1472.5
45.08,83,1473.4
45.09,83,1474.3
45.09,83,1475.2
45.1,83,1476.1
45.08,83,1477
45.1,83,1477.8
45.1,83,1478.7
45.08,83,1479.6
45.04,84,1480.5
45.03,84,1481.4
45.01,84,1482.3
45,84,1483.2
45,84,1484
44.95,85,1484.9
44.96,85,1485.8
44.94,85,1486.7
44.92,85,1487.6
44.91,85,1488.5
44.93,85,1489.3
44.94,85,1490.2
44.96,85,1491.1
44.97,85,1492
44.96,85,1492.9
44.99,84,1493.8
44.98,84,1494.6
44.98,84,1495.5
44.99,84,1496.4
45.01,84,1497.3
45.01,84,1498.2
45.02,84,1499.1
45,84,1499.9
45.01,84,1500.8
45,84,1501.7
44.98,84,1502.6
45,84,1503.5
45.01,84,1504.4
45.01,84,1505.3
44.98,84,1506.1
44.98,85,1507
44.99,84,1507.9
44.98,84,1508.8
45,84,1509.7
45.01,84,1510.6
45.02,84,1511.4
44.99,84,1512.3
44.97,85,1513.2
45.01,84,1514.1
45,84,1515
44.98,85,1515.9
44.97,85,1516.7
44.97,85,1517.6
44.96,85,1518.5
44.96,85,1519.4
44.96,85,1520.3
44.94,85,1521.2
44.97,85,1522.1
44.96,85,1522.9
44.98,85,1523.8
44.99,84,1524.7
44.99,84,1525.6
44.99,84,1526.5
45,84,1527.4
45.02,84,1528.2
45.01,84,1529.1
45.01,84,1530
45.01,84,1530.9
45.01,84,1531.8
44.98,85,1532.7
44.98,85,1533.5
44.96,85,1534.4
44.94,85,1535.3
44.92,85,1536.2
44.91,86,1537.1
44.88,86,1538
44.85,86,1538.8
44.83,87,1539.7
44.8,87,1540.6
44.78,87,1541.5
44.76,88,1542.4
44.73,88,1543.3
44.73,88,1544.1
44.72,88,1545
44.72,88,1545.9
44.73,88,1546.8
44.75,88,1547.7
44.75,88,1548.6
44.78,88,1549.4
44.8,88,1550.3
44.83,87,1551.2
44.87,87,1552.1
44.89,87,1553
44.9,87,1553.9
44.92,86,1554.8
44.94,86,1555.6
44.96,86,1556.5
44.96,86,1557.4
44.98,86,1558.3
44.98,86,1559.2
44.97,86,1560.1
44.96,86,1560.9
44.95,86,1561.8
44.94,86,1562.7
44.96,86,1563.6
44.98,86,1564.5
44.99,86,1565.4
44.99,86,1566.2
45,85,1567.1
44.99,86,1568
44.99,86,1568.9
44.98,86,1569.8
44.96,86,1570.7
44.96,86,1571.5
44.94,86,1572.4
44.96,86,1573.3
44.98,86,1574.2
44.98,86,1575.1
44.98,86,1576
44.99,86,1576.8
45,86,1577.7
45.01,85,1578.6
45.05,85,1579.5
45.05,85,1580.4
45.06,85,1581.3
45.07,85,1582.2
45.09,84,1583
45.1,84,1583.9
45.11,84,1584.8
45.11,84,1585.7
45.13,84,1586.6
45.13,84,1587.5
45.13,84,1588.3
45.13,84,1589.2
45.14,83,1590.1
45.16,83,1591
45.15,83,1591.9
45.15,83,1592.8
45.15,83,1593.7
45.12,83,1594.5
45.11,84,1595.4
45.09,84,1596.3
45.05,84,1597.2
45.02,85,1598.1
45,85,1599
44.98,85,1599.8
44.94,86,1600.7
44.92,86,1601.6
44.88,86,1602.5
44.86,87,1603.4
44.85,87,1604.3
44.83,87,1605.1
44.81,88,1606
44.79,88,1606.9
44.79,88,1607.8
44.78,88,1608.7
44.78,88,1609.6
44.78,88,1610.4
44.81,88,1611.3
44.82,88,1612.2
44.85,87,1613.1
44.87,87,1614
44.88,87,1614.9
44.92,87,1615.8
44.93,87,1616.6
44.98,86,1617.5
45.01,86,1618.4
45.03,85,1619.3
45.05,85,1620.2
45.07,85,1621.1
45.1,84,1621.9
45.11,84,1622.8
45.12,84,1623.7
45.13,84,1624.6
45.14,84,1625.5
45.16,84,1626.4
45.15,84,1627.2
45.14,84,1628.1
45.13,84,1629
45.12,84,1629.9
45.1,84,1630.8
45.08,84,1631.7
45.08,84,1632.6
45.07,84,1633.4
45.07,84,1634.3
45.07,84,1635.2
45.07,84,1636.1
45.08,84,1637
45.09,84,1637.9
45.1,84,1638.8
45.09,84,1639.6
45.1,84,1640.5
45.12,84,1641.4
45.13,83,1642.3
45.13,83,1643.2
45.13,83,1644.1
45.14,83,1644.9
45.14,83,1645.8
45.17,83,1646.7
45.15,83,1647.6
45.16,83,1648.5
45.17,83,1649.4
45.17,83,1650.3
45.18,82,1651.1
45.16,83,1652
45.15,83,1652.9
45.15,83,1653.8
45.14,83,1654.7
45.16,82,1655.6
45.11,83,1656.4
45.11,83,1657.3
45.12,83,1658.2
45.04,84,1659.1
44.98,85,1660
45.13,83,1660.9
45.13,83,1661.8
45.09,83,1662.6
45.07,83,1663.5
45.03,84,1664.4
44.99,84,1665.3
45.08,83,1666.2
45.1,83,1667.1
45.12,83,1667.9
45.25,81,1668.8
45.26,81,1669.7
45.14,82,1670.6
45.06,83,1671.5
45.08,83,1672.4
45.08,83,1673.3
45.07,83,1674.1
45.05,83,1675
45.03,84,1675.9
45.03,84,1676.8
45.02,84,1677.7
44.99,84,1678.6
45.01,84,1679.4
44.98,84,1680.3
45,84,1681.2
44.98,84,1682.1
45,84,1683
45.01,84,1683.9
45.01,84,1684.7
44.98,84,1685.6
45.01,84,1686.5
45.01,84,1687.4
44.99,84,1688.3
44.95,85,1689.2
44.98,84,1690.1
44.96,85,1690.9
44.91,85,1691.8
44.88,85,1692.7
44.88,86,1693.6
44.86,86,1694.5
44.86,86,1695.4
44.84,86,1696.2
44.82,86,1697.1
44.84,86,1698
44.85,86,1698.9
44.84,86,1699.8
44.84,86,1700.7
44.83,86,1701.5
44.85,86,1702.4
44.85,86,1703.3
44.87,86,1704.2
44.87,86,1705.1
44.9,86,1706
44.88,86,1706.8
44.91,86,1707.7
44.92,86,1708.6
44.95,85,1709.5
44.94,85,1710.4
44.98,85,1711.3
45,85,1712.1
45.01,85,1713
45.01,85,1713.9
45.03,84,1714.8
45.04,84,1715.7
45.05,84,1716.6
45.09,83,1717.5
45.07,84,1718.3
45.08,84,1719.2
45.09,83,1720.1
45.1,83,1721
45.08,83,1721.9
45.13,83,1722.8
45.12,83,1723.6
45.14,83,1724.5
45.15,83,1725.4
45.14,83,1726.3
45.16,82,1727.2
45.17,82,1728.1
45.15,82,1729
45.15,82,1729.8
45.14,82,1730.7
45.14,82,1731.6
45.14,82,1732.5
45.16,82,1733.4
45.14,82,1734.3
45.12,82,1735.1
45.14,82,1736
45.13,82,1736.9
45.14,82,1737.8
45.13,82,1738.7
45.12,82,1739.6
45.13,82,1740.5
45.12,82,1741.3
45.11,82,1742.2
45.1,82,1743.1
45.09,83,1744
45.1,82,1744.9
45.1,82,1745.8
45.08,83,1746.6
45.1,82,1747.5
45.09,82,1748.4
45.08,83,1749.3
45.08,83,1750.2
45.07,83,1751.1
45.08,82,1752
45.07,83,1752.8
45.08,82,1753.7
45.07,83,1754.6
45.07,83,1755.5
45.07,83,1756.4
45.06,83,1757.3
45.08,82,1758.2
45.07,83,1759
45.07,82,1759.9
45.09,82,1760.8
45.08,82,1761.7
45.08,82,1762.6
45.07,82,1763.5
45.08,82,1764.3
45.08,82,1765.2
45.09,82,1766.1
45.08,82,1767
45.08,82,1767.9
45.08,82,1768.8
45.08,82,1769.7
45.09,82,1770.5
45.09,82,1771.4
45.08,82,1772.3
45.08,82,1773.2
45.07,82,1774.1
45.07,82,1775
45.07,82,1775.8
45.04,82,1776.7
45.04,82,1777.6
45.04,83,1778.5
45.04,82,1779.4
45.04,82,1780.3
45,83,1781.2
44.99,83,1782
44.99,83,1782.9
44.97,83,1783.8
44.96,83,1784.7
44.95,84,1785.6
44.95,84,1786.5
44.95,84,1787.3
44.94,84,1788.2
44.97,83,1789.1
44.97,83,1790
44.98,83,1790.9
45,83,1791.8
45.01,83,1792.6
45.02,83,1793.5
45.03,83,1794.4
45.01,83,1795.3
45,83,1796.2
45.04,82,1797.1
45.02,83,1797.9
45.04,82,1798.8
45.04,82,1799.7
45.06,82,1800.6
45.05,82,1801.5
45.05,82,1802.4
45.05,82,1803.3
45.05,82,1804.1
45.05,82,1805
45.04,82,1805.9
45.04,82,1806.8
45.03,82,1807.7
45.05,82,1808.6
45.03,82,1809.5
45.03,83,1810.3
45.01,83,1811.2
44.99,83,1812.1
45.02,83,1813
45.02,83,1813.9
45.02,83,1814.8
45.03,82,1815.6
45.04,82,1816.5
45.03,82,1817.4
45.03,82,1818.3
45.03,82,1819.2
45.03,82,1820.1
45.04,82,1821
45.02,83,1821.8
45.01,83,1822.7
45.01,83,1823.6
45,83,1824.5
44.98,83,1825.4
44.97,83,1826.3
44.95,83,1827.1
44.95,83,1828
44.94,84,1828.9
44.93,84,1829.8
44.92,84,1830.7
44.89,84,1831.6
44.89,84,1832.4
44.89,84,1833.3
44.88,84,1834.2
44.88,84,1835.1
44.88,85,1836
44.89,84,1836.9
44.87,85,1837.7
44.88,85,1839.6
44.88,85,1840.4
44.88,85,1841.2
44.87,85,1842
44.87,85,1842.9
44.85,85,1843.7
44.86,85,1844.5
44.85,85,1845.3
44.87,85,1846.2
44.86,85,1847
44.86,85,1847.8
44.87,85,1848.6
44.89,85,1849.5
44.91,-41,1850.3
44.93,-44,1851.2
44.9,-46,1852.1
44.82,-47,1852.9
44.67,-48,1853.8
44.47,-47,1854.7
44.23,-47,1855.6
43.95,-46,1856.5
43.64,-44,1857.4
43.31,-42,1858.2
42.99,-40,1859.1
42.62,-37,1860
42.28,-35,1860.9
41.92,-32,1861.8
41.56,-81,1862.6
41.2,-78,1863.5
40.86,-75,1864.4
40.48,-72,1865.3
40.1,-69,1866.2
39.75,-65,1867.1
39.38,-62,1868
39.02,-58,1868.8
38.67,-55,1869.7
38.32,-51,1870.6
37.98,-48,1871.5
37.63,-44,1872.4
37.31,-41,1873.3
36.98,-37,1874.2
36.67,-34,1875.1
36.36,-31,1875.9
36.07,-27,1876.8
35.79,-24,1877.7
35.52,-21,1878.6
35.25,-17,1879.5
34.99,-14,1880.4
34.75,-11,1881.3
34.53,-8,1882.1
34.3,-5,1883
34.1,-3,1883.9
33.88,0,1884.8
33.71,3,1885.7
33.51,6,1886.6
33.33,8,1887.4
33.16,11,1888.3
32.99,13,1889.2
32.84,16,1890.1
32.69,18,1891
32.55,20,1891.9
32.43,23,1892.8
32.31,25,1893.6
32.2,27,1894.5
32.11,29,1895.4
32.01,30,1896.3
31.94,32,1897.2
31.88,34,1898.1
31.81,35,1898.9
31.74,37,1899.8
31.72,38,1900.7
31.7,39,1901.6
31.68,40,1902.5
31.67,41,1903.4
31.66,42,1904.2
31.65,43,1905.1
31.66,44,1906
31.67,44,1906.9
31.68,45,1907.8
31.7,46,1908.7
31.71,46,1909.5
31.73,47,1910.4
31.76,47,1911.3
31.81,47,1912.2
31.83,48,1913.1
31.87,48,1914
31.92,48,1914.8
31.95,49,1915.7
32,49,1916.6
32.05,49,1917.5
32.09,49,1918.4
32.13,49,1919.3
32.19,49,1920.1
32.23,50,1921
32.27,50,1921.9
32.31,50,1922.8
32.35,50,1923.7
32.38,50,1924.6
32.43,50,1925.4
32.47,50,1926.3
32.53,50,1927.2
32.55,51,1928.1
32.59,51,1929
32.64,51,1929.9
32.66,51,1930.7
32.73,51,1931.6
32.78,51,1932.5
32.82,51,1933.4
32.85,51,1934.3
32.9,51,1935.2
32.95,51,1936
32.99,51,1936.9
33.04,51,1937.8
33.08,51,1938.7
33.13,50,1939.6
33.16,51,1940.5
33.2,50,1941.3
33.23,51,1942.2
33.24,51,1943.1
33.29,51,1944
33.32,51,1944.9
33.34,51,1945.8
33.38,51,1946.6
33.41,51,1947.5
33.45,51,1948.4
33.46,51,1949.3
33.5,51,1950.2
33.54,51,1951.1
33.58,50,1951.9
33.61,50,1952.8
33.64,50,1953.7
33.68,50,1954.6
33.71,50,1955.5
33.74,50,1956.4
33.78,50,1957.2
33.8,50,1958.1
33.82,50,1959
33.88,50,1959.9
33.9,50,1960.8
33.92,50,1961.7
33.94,50,1962.6
33.96,50,1963.4
34,49,1964.3
34.03,49,1965.2
34.06,49,1966.1
34.08,49,1967
34.12,49,1967.9
34.13,49,1968.7
34.15,49,1969.6
34.17,49,1970.5
34.19,49,1971.4
34.21,49,1972.3
34.22,49,1973.2
34.25,49,1974
34.26,49,1974.9
34.27,49,1975.8
34.29,49,1976.7
34.3,49,1977.6
34.31,49,1978.5
34.33,49,1979.3
34.33,49,1980.2
34.35,49,1981.1
34.36,49,1982
34.38,49,1982.9
34.38,49,1983.8
34.38,49,1984.6
34.39,49,1985.5
34.41,49,1986.4
34.42,49,1987.3
34.42,49,1988.2
34.43,49,1989.1
34.44,49,1989.9
34.46,49,1990.8
34.47,49,1991.7
34.47,49,1992.6
34.48,49,1993.5
34.48,49,1994.4
34.5,49,1995.2
34.51,49,1996.1
34.52,49,1997
34.53,49,1997.9
34.54,49,1998.8
34.55,49,1999.7
34.56,49,2000.5
34.57,49,2001.4
34.58,49,2002.3
34.59,49,2003.2
34.6,49,2004.1
34.62,49,2005
34.6,49,2005.8
34.64,49,2006.7
34.66,49,2007.6
34.66,49,2008.5
34.68,49,2009.4
34.68,49,2010.3
34.69,49,2011.2
34.7,49,2012
34.71,48,2012.9
34.72,48,2013.8
34.74,48,2014.7
34.75,48,2015.6
34.75,48,2016.5
34.75,48,2017.3
34.77,48,2018.2
34.78,48,2019.1
34.79,48,2020
34.79,48,2020.9
34.79,48,2021.8
34.81,48,2022.6
34.8,48,2023.5
34.81,48,2024.4
34.83,48,2025.3
34.83,48,2026.2
34.85,48,2027.1
34.83,48,2027.9
34.85,48,2028.8
34.86,48,2029.7
34.87,47,2030.6
34.87,48,2031.5
34.85,48,2032.4
34.87,48,2033.2
34.87,48,2034.1
34.88,48,2035
34.88,48,2035.9
34.88,48,2036.8
34.89,48,2037.7
34.88,48,2038.5
34.87,48,2039.4
34.87,48,2040.3
34.86,48,2041.2
34.85,48,2042.1
34.85,48,2043
34.84,48,2043.8
34.84,48,2044.7
34.83,49,2045.6
34.81,49,2046.5
34.8,49,2047.4
34.81,49,2048.3
34.81,49,2049.1
34.81,49,2050
34.83,49,2050.9
34.84,49,2051.8
34.84,49,2052.7
34.88,48,2053.6
34.87,49,2054.5
34.89,48,2055.3
34.9,48,2056.2
34.9,48,2057.1
34.92,48,2058
34.92,48,2058.9
34.91,48,2059.8
34.91,48,2060.6
34.91,48,2061.5
34.89,49,2062.4
34.9,48,2063.3
34.88,49,2064.2
34.88,49,2065.1
34.88,49,2065.9
34.89,49,2066.8
34.87,49,2067.7
34.88,49,2068.6
34.88,49,2069.5
34.88,49,2070.4
34.88,49,2071.2
34.89,49,2072.1
34.89,49,2073
34.91,49,2073.9
34.9,49,2074.8
34.91,49,2075.7
34.91,49,2076.5
34.91,49,2077.4
34.91,49,2078.3
34.91,49,2079.2
34.92,49,2080.1
34.93,48,2081
34.93,48,2081.8
34.93,49,2082.7
34.94,48,2083.6
34.93,49,2084.5
34.93,49,2085.4
34.92,49,2086.3
34.92,49,2087.1
34.9,49,2088
34.91,49,2088.9
34.9,49,2089.8
34.9,49,2090.7
34.9,49,2091.6
34.9,49,2092.4
34.91,49,2093.3
34.91,49,2094.2
34.92,49,2095.1
34.93,49,2096
34.94,49,2096.9
34.94,49,2097.7
34.95,49,2098.6
34.96,49,2099.5
34.96,49,2100.4
34.98,48,2101.3
34.99,48,2102.2
34.99,48,2103.1
35.02,48,2103.9
34.99,48,2104.8
35.01,48,2105.7
35.02,48,2106.6
35.02,48,2107.5
35.04,48,2108.4
35.05,47,2109.2
35.05,47,2110.1
35.03,48,2111
35.05,47,2111.9
35.03,48,2112.8
35.04,47,2113.7
35.04,48,2114.5
35.05,47,2115.4
35.05,47,2116.3
35.02,48,2117.2
35.01,48,2118.1
35.01,48,2119
35.01,48,2119.9
34.99,48,2120.7
34.97,48,2121.6
34.98,48,2122.5
34.97,48,2123.4
34.95,49,2124.3
34.96,48,2125.2
34.95,49,2126
34.96,49,2126.9
34.94,49,2127.8
34.94,49,2128.7
34.94,49,2129.6
34.95,49,2130.5
34.94,49,2131.3
34.97,49,2132.2
34.97,48,2133.1
34.97,48,2134
34.96,49,2134.9
35,48,2135.8
34.99,48,2136.6
34.99,48,2137.5
35,48,2138.4
35.01,48,2139.3
35.01,48,2140.2
35.02,48,2141.1
35.02,48,2142
35.01,48,2142.8
35.01,48,2143.7
35.01,48,2144.6
35,48,2145.5
35,48,2146.4
35.02,48,2147.3
35,48,2148.1
35.02,48,2149
35.02,48,2149.9
35.02,48,2150.8
35.02,48,2151.7
35.01,48,2152.6
35.02,48,2153.5
35.01,48,2154.3
35.02,48,2155.2
35.01,48,2156.1
35.02,48,2157
35.02,48,2157.9
35.02,48,2158.8
35.02,48,2159.6
35.01,48,2160.5
35,48,2161.4
34.98,48,2162.3
34.97,48,2163.2
34.95,49,2164.1
34.94,49,2165
34.92,49,2165.8
34.91,49,2166.7
34.91,49,2167.6
34.91,49,2168.5
34.89,50,2169.4
34.9,49,2170.3
34.9,49,2171.1
34.92,49,2172
34.92,49,2172.9
34.92,49,2173.8
34.92,49,2174.7
34.95,49,2175.6
34.93,49,2176.4
34.96,49,2177.3
34.94,49,2178.2
34.95,49,2179.1
34.94,49,2180
34.96,49,2180.9
34.95,49,2181.7
34.95,49,2182.6
34.95,49,2183.5
34.94,49,2184.4
34.92,50,2185.3
34.93,49,2186.2
34.91,50,2187
34.91,50,2187.9
34.92,50,2188.8
34.9,50,2189.7
34.89,50,2190.6
34.88,50,2191.5
34.87,50,2192.3
34.88,50,2193.2
34.87,50,2194.1
34.88,50,2195
34.87,50,2195.9
34.89,50,2196.8
34.87,50,2197.6
34.88,50,2198.5
34.88,50,2199.4
34.88,50,2200.3
34.9,50,2201.2
34.9,50,2202.1
34.9,50,2202.9
34.92,50,2203.8
34.92,50,2204.7
34.92,50,2205.6
34.92,1,2206.5
34.93,1,2207.4
34.91,1,2208.2
34.85,-61,2209.1
34.76,-61,2210
34.62,-60,2210.9
34.46,-60,2211.8
34.28,-58,2212.7
34.05,-57,2213.5
33.82,-55,2214.4
33.58,-53,2215.3
33.32,-50,2216.2
33.07,-48,2217.1
32.81,-45,2217.9
32.55,-43,2218.8
32.31,-40,2219.7
32.06,-38,2220.6
31.81,-35,2221.5
31.58,-33,2222.4
31.36,-30,2223.2
31.14,-28,2224.1
30.92,-25,2225
30.72,-23,2225.9
30.52,-21,2226.8
30.34,-19,2227.7
30.15,-16,2228.5
29.97,-14,2229.4
29.81,-12,2230.3
29.63,-10,2231.2
29.46,-8,2232.1
29.31,-5,2232.9
29.15,-3,2233.8
29,-1,2234.7
28.84,1,2235.6
28.71,3,2236.5
28.58,5,2237.3
28.45,7,2238.2
28.33,9,2239.1
28.21,11,2240
28.11,12,2240.9
27.99,14,2241.7
27.92,16,2242.6
27.83,17,2243.5
27.77,19,2244.4
27.69,20,2245.3
27.65,21,2246.1
27.58,23,2247
27.55,24,2247.9
27.52,25,2248.8
27.49,26,2249.7
27.47,27,2250.5
27.47,27,2251.4
27.46,28,2252.3
27.45,29,2253.2
27.47,29,2254.1
27.49,29,2254.9
27.5,30,2255.8
27.51,30,2256.7
27.54,31,2257.6
27.57,31,2258.5
27.59,31,2259.3
27.61,31,2260.2
27.64,32,2261.1
27.67,32,2262
27.7,32,2262.8
27.73,32,2263.7
27.77,32,2264.6
27.8,33,2265.5
27.84,33,2266.4
27.88,33,2267.2
27.89,33,2268.1
27.94,33,2269
27.97,33,2269.9
27.98,33,2270.8
28.03,33,2271.6
28.07,33,2272.5
28.09,33,2273.4
28.13,33,2274.3
28.16,33,2275.1
28.18,34,2276
28.22,34,2276.9
28.26,34,2277.8
28.29,34,2278.7
28.33,33,2279.5
28.37,33,2280.4
28.4,33,2281.3
28.44,33,2282.2
28.48,33,2283.1
28.51,33,2283.9
28.55,33,2284.8
28.58,33,2285.7
28.6,33,2286.6
28.63,33,2287.5
28.65,33,2288.3
28.67,33,2289.2
28.7,33,2290.1
28.73,33,2291
28.74,33,2291.9
28.77,33,2292.7
28.78,33,2293.6
28.82,33,2294.5
28.82,33,2295.4
28.83,34,2296.3
28.84,34,2297.1
28.86,34,2298
28.88,34,2298.9
28.88,34,2299.8
28.9,34,2300.7
28.92,34,2301.5
28.94,34,2302.4
28.94,34,2303.3
28.98,34,2304.2
28.99,34,2305
29,34,2305.9
29.01,35,2306.8
29.06,34,2307.7
29.04,35,2308.6
29.09,34,2309.4
29.07,35,2310.3
29.1,35,2311.2
29.1,35,2312.1
29.13,35,2313
29.17,34,2313.8
29.2,34,2314.7
29.19,35,2315.6
29.22,34,2316.5
29.22,35,2317.4
29.25,34,2318.2
29.26,34,2319.1
29.29,34,2320
29.3,34,2320.9
29.3,34,2321.8
29.32,34,2322.6
29.35,34,2323.5
29.34,34,2324.4
29.35,34,2325.3
29.39,34,2326.2
29.4,34,2327
29.4,34,2327.9
29.39,35,2328.8
29.43,34,2329.7
29.45,34,2330.6
29.48,34,2331.4
29.48,34,2332.3
29.49,34,2333.2
29.5,34,2334.1
29.53,34,2335
29.53,34,2335.8
29.55,34,2336.7
29.56,34,2337.6
29.57,34,2338.5
29.58,34,2339.3
29.6,34,2340.2
29.61,34,2341.1
29.62,33,2342
29.63,33,2342.9
29.64,33,2343.7
29.66,33,2344.6
29.68,33,2345.5
29.68,33,2346.4
29.68,33,2347.3
29.69,33,2348.1
29.69,33,2349
29.7,33,2349.9
29.71,33,2350.8
29.72,33,2351.7
29.72,33,2352.5
29.72,33,2353.4
29.74,33,2354.3
29.74,33,2355.2
29.75,33,2356.1
29.76,33,2356.9
29.76,33,2357.8
29.78,33,2358.7
29.79,33,2359.6
29.79,33,2360.5
29.8,33,2361.3
29.81,33,2362.2
29.83,32,2363.1
29.84,32,2364
29.86,32,2364.9
29.85,32,2365.7
29.88,32,2366.6
29.86,32,2367.5
29.89,32,2368.4
29.88,32,2369.3
29.89,32,2370.1
29.87,32,2371
29.88,32,2371.9
29.85,33,2372.8
29.84,33,2373.6
29.82,33,2374.5
29.81,33,2375.4
29.79,33,2376.3
29.78,34,2377.2
29.78,34,2378
29.77,34,2378.9
29.76,34,2379.8
29.76,34,2380.7
29.77,34,2381.6
29.76,34,2382.4
29.77,34,2383.3
29.8,34,2384.2
29.81,34,2385.1
29.82,34,2386
29.82,34,2386.8
29.8,34,2387.7
29.81,34,2388.6
29.78,34,2389.5
29.86,33,2390.4
29.91,33,2391.2
29.87,33,2392.1
29.9,33,2393
29.93,33,2393.9
29.91,33,2394.8
29.95,33,2395.6
29.94,33,2396.5
29.94,33,2397.4
29.94,33,2398.3
29.96,32,2399.2
29.97,32,2400
29.94,33,2400.9
29.92,33,2401.8
29.98,32,2402.7
29.91,33,2403.6
29.92,33,2404.4
29.96,32,2405.3
29.96,33,2406.2
29.96,33,2407.1
29.97,32,2407.9
29.98,32,2408.8
30,32,2409.7
30,32,2410.6
29.98,32,2411.5
29.99,32,2412.3
29.96,33,2413.2
30.02,32,2414.1
29.96,33,2415
29.97,32,2415.9
29.97,32,2416.7
29.96,33,2417.6
29.98,32,2418.5
29.99,32,2419.4
29.98,32,2420.3
29.99,32,2421.1
30,32,2422
29.99,32,2422.9
30,32,2423.8
30,32,2424.7
29.99,32,2425.5
30,32,2426.4
30.01,32,2427.3
30.01,32,2428.2
30.01,32,2429.1
30.02,32,2429.9
29.99,32,2430.8
29.99,32,2431.7
29.98,32,2432.6
29.98,32,2433.5
29.98,32,2434.3
29.98,32,2435.2
29.96,33,2436.1
29.96,33,2437
29.96,33,2437.9
29.98,32,2438.7
29.95,33,2439.6
29.96,33,2440.5
29.97,32,2441.4
29.97,33,2442.3
29.97,33,2443.1
29.97,33,2444
29.98,32,2444.9
29.99,32,2445.8
30,32,2446.7
29.99,32,2447.5
29.99,32,2448.4
29.99,32,2449.3
29.97,33,2450.2
29.96,33,2451.1
29.95,33,2451.9
29.94,33,2452.8
29.94,33,2453.7
29.93,33,2454.6
29.93,33,2455.5
29.92,33,2456.3
29.92,33,2457.2
29.91,33,2458.1
29.92,33,2459
29.92,33,2459.8
29.92,33,2460.7
29.93,33,2461.6
29.92,33,2462.5
29.92,33,2463.4
29.94,33,2464.2
29.95,33,2465.1
29.95,33,2466
29.94,33,2466.9
29.97,33,2467.8
29.97,33,2468.6
29.96,33,2469.5
29.97,33,2470.4
30,33,2471.3
30,33,2472.2
29.99,33,2473
30.01,32,2473.9
29.99,33,2474.8
30,33,2475.7
30,33,2476.6
30.01,32,2477.4
30.01,32,2478.3
30,32,2479.2
30.01,32,2480.1
30.03,32,2481
30.03,32,2481.8
30.04,32,2482.7
30,32,2483.6
30.02,32,2484.5
30.02,32,2485.4
30.02,32,2486.2
30.03,32,2487.1
30.05,32,2488
30.04,32,2488.9
30.03,32,2489.8
30.04,32,2490.6
30.04,32,2491.5
30.04,32,2492.4
30.03,32,2493.3
30.05,32,2494.2
30.05,32,2495.1
30.05,32,2495.9
30.04,32,2496.8
30.05,32,2497.7
30.04,32,2498.6
30.04,32,2499.5
30.03,32,2500.3
30.01,32,2501.2
30,32,2502.1
29.98,33,2503
29.95,33,2503.9
29.94,33,2504.7
29.93,33,2505.6
29.92,33,2506.5
29.9,34,2507.4
29.89,34,2508.3
29.88,34,2509.1
29.86,34,2510
29.87,34,2510.9
29.86,34,2511.8
29.86,34,2512.6
29.88,34,2513.5
29.88,34,2514.4
29.89,34,2515.3
29.9,34,2516.2
29.9,34,2517
29.91,34,2517.9
29.92,34,2518.8
29.93,34,2519.7
29.94,34,2520.6
29.95,33,2521.4
29.94,34,2522.3
29.94,34,2523.2
29.96,33,2524.1
29.96,33,2525
29.96,33,2525.8
29.97,33,2526.7
29.96,33,2527.6
29.97,33,2528.5
29.96,33,2529.4
29.97,33,2530.2
29.97,33,2531.1
29.97,33,2532
29.97,33,2532.9
29.95,34,2533.8
29.95,34,2534.6
29.96,33,2535.5
29.95,34,2536.4
29.96,34,2537.3
29.96,33,2538.2
29.97,33,2539
29.98,33,2539.9
29.99,33,2540.8
29.98,33,2541.7
30,33,2542.6
30.01,33,2543.4
30.01,33,2544.3
30.01,33,2545.2
30.02,33,2546.1
30.03,33,2547
30.04,33,2547.8
30.04,32,2548.7
30.06,32,2549.6
30.06,32,2550.5
30.07,32,2551.4
30.07,32,2552.2
30.07,32,2553.1
30.07,32,2554
30.08,32,2554.9
30.08,32,2555.8
30.08,32,2556.6
30.07,32,2557.5
30.07,32,2558.4
30.06,32,2559.3
30.04,32,2560.2
30.04,32,2561
30.03,32,2561.9
30.02,33,2562.8
30.01,33,2563.7
30,33,2564.6
29.99,33,2565.4
29.99,33,2566.3
29.99,33,2567.2
29.99,33,2568.1
29.99,33,2569
30,33,2569.8
30.01,33,2570.7
30.01,33,2571.6
30.01,33,2572.5
30.01,33,2573.4
30.01,33,2574.2
30.01,33,2575.1
30,33,2576
30.01,33,2576.9
29.99,33,2577.8
30.01,33,2578.6
30.02,33,2579.5
30.04,32,2580.4
30.03,32,2581.3
30.04,32,2582.2
30.04,32,2583.1
30.04,-1,2583.9
30.05,-1,2584.8
30.03,-63,2585.7
29.98,-64,2586.6
29.93,-64,2587.5
29.8,-64,2588.4
29.64,-63,2589.2
29.49,-62,2590.1
29.32,-61,2591
29.11,-60,2591.9
28.92,-58,2592.8
28.71,-57,2593.7
28.51,-55,2594.5
28.29,-53,2595.4
28.09,-52,2596.3
27.88,-50,2597.2
27.67,-48,2598.1
27.49,-46,2599
27.28,-44,2599.8
27.1,-42,2600.7
26.92,-41,2601.6
26.74,-39,2602.5
26.57,-37,2603.4
26.41,-36,2604.3
26.24,-34,2605.2
26.09,-32,2606
25.94,-31,2606.9
25.79,-29,2607.8
25.65,-27,2608.7
25.51,-26,2609.6
25.38,-24,2610.5
25.25,-23,2611.3
25.12,-21,2612.2
24.98,-19,2613.1
24.86,-18,2614
24.75,-16,2614.9
24.64,-15,2615.8
24.54,-14,2616.7
24.42,-12,2617.5
24.33,-11,2618.4
24.22,-9,2619.3
24.12,-8,2620.2
24.04,-7,2621.1
23.95,-5,2622
23.86,-4,2622.8
23.79,-3,2623.7
23.72,-1,2624.6
23.65,-0,2625.5
23.57,1,2626.4
23.51,2,2627.2
23.45,3,2628.1
23.39,4,2629
23.32,6,2629.9
23.28,7,2630.8
23.25,7,2631.7
23.21,8,2632.5
23.17,9,2633.4
23.14,10,2634.3
23.1,11,2635.2
23.09,12,2636.1
23.07,12,2636.9
23.06,13,2637.8
23.05,14,2638.7
23.04,14,2639.6
23.04,15,2640.5
23.04,15,2641.4
23.04,16,2642.2
23.05,16,2643.1
23.06,16,2644
23.06,17,2644.9
23.09,17,2645.8
23.1,17,2646.6
23.13,17,2647.5
23.14,18,2648.4
23.17,18,2649.3
23.18,18,2650.2
23.21,18,2651.1
23.23,18,2651.9
23.27,18,2652.8
23.3,18,2653.7
23.33,18,2654.6
23.34,19,2655.5
23.38,19,2656.3
23.4,19,2657.2
23.42,19,2658.1
23.46,19,2659
23.47,19,2659.9
23.51,19,2660.8
23.54,19,2661.6
23.56,19,2662.5
23.59,19,2663.4
23.62,19,2664.3
23.65,19,2665.2
23.68,19,2666
23.71,19,2666.9
23.74,19,2667.8
23.77,19,2668.7
23.81,18,2669.6
23.83,18,2670.4
23.88,18,2671.3
23.89,18,2672.2
23.91,18,2673.1
23.95,18,2674
23.96,18,2674.8
23.99,18,2675.7
24.01,18,2676.6
24.03,18,2677.5
24.06,18,2678.4
24.08,18,2679.2
24.11,18,2680.1
24.12,18,2681
24.13,18,2681.9
24.16,18,2682.8
24.18,18,2683.6
24.19,18,2684.5
24.21,18,2685.4
24.24,18,2686.3
24.25,18,2687.2
24.27,17,2688.1
24.3,17,2688.9
24.31,17,2689.8
24.32,17,2690.7
24.34,17,2691.6
24.36,17,2692.5
24.37,17,2693.3
24.37,17,2694.2
24.39,17,2695.1
24.4,17,2696
24.41,17,2696.9
24.43,17,2697.7
24.44,17,2698.6
24.46,17,2699.5
24.46,17,2700.4
24.48,17,2701.3
24.48,17,2702.1
24.5,17,2703
24.5,17,2703.9
24.5,17,2704.8
24.52,17,2705.7
24.53,17,2706.6
24.53,17,2707.4
24.55,17,2708.3
24.55,17,2709.2
24.56,17,2710.1
24.56,17,2711
24.57,17,2711.8
24.59,17,2712.7
24.59,17,2713.6
24.59,17,2714.5
24.6,17,2715.4
24.6,18,2716.3
24.61,17,2717.1
24.61,18,2718
24.61,18,2718.9
24.63,18,2719.8
24.63,18,2720.7
24.64,18,2721.5
24.65,18,2722.4
24.66,18,2723.3
24.66,18,2724.2
24.66,18,2725.1
24.67,18,2725.9
24.67,18,2726.8
24.7,17,2727.7
24.7,17,2728.6
24.71,17,2729.5
24.73,17,2730.4
24.73,17,2731.2
24.73,17,2732.1
24.74,17,2733
24.75,17,2733.9
24.75,17,2734.8
24.75,18,2735.6
24.75,17,2736.5
24.77,17,2737.4
24.78,17,2738.3
24.79,17,2739.2
24.79,17,2740.1
24.8,17,2740.9
24.81,17,2741.8
24.8,17,2742.7
24.81,17,2743.6
24.82,17,2744.5
24.82,17,2745.3
24.82,17,2746.2
24.84,17,2747.1
24.84,17,2748
24.84,17,2748.9
24.84,17,2749.8
24.84,17,2750.6
24.85,17,2751.5
24.85,17,2752.4
24.84,17,2753.3
24.86,17,2754.2
24.86,17,2755
24.86,17,2755.9
24.87,17,2756.8
24.88,17,2757.7
24.88,17,2758.6
24.88,17,2759.4
24.88,17,2760.3
24.89,17,2761.2
24.89,17,2762.1
24.9,17,2763
24.91,17,2763.9
24.9,17,2764.7
24.91,17,2765.6
24.92,17,2766.5
24.93,17,2767.4
24.93,17,2768.3
24.93,17,2769.1
24.93,17,2770
24.93,17,2770.9
24.94,17,2771.8
24.94,17,2772.7
24.94,17,2773.6
24.94,17,2774.4
24.95,17,2775.3
24.94,17,2776.2
24.95,17,2777.1
24.95,17,2778
24.95,17,2778.8
24.95,17,2779.7
24.94,17,2780.6
24.94,17,2781.5
24.93,17,2782.4
24.95,17,2783.3
24.93,17,2784.1
24.94,17,2785
24.94,17,2785.9
24.95,17,2786.8
24.93,17,2787.7
24.93,17,2788.5
24.95,17,2789.4
24.94,17,2790.3
24.95,17,2791.2
24.94,17,2792.1
24.96,17,2793
24.97,17,2793.8
24.96,17,2794.7
24.97,17,2795.6
24.98,16,2796.5
24.97,17,2797.4
24.97,17,2798.2
24.98,16,2799.1
24.97,17,2800
24.98,16,2800.9
24.97,17,2801.8
24.98,16,2802.6
24.98,16,2803.5
24.98,16,2804.4
24.98,17,2805.3
24.98,16,2806.2
24.98,16,2807.1
24.97,17,2807.9
24.97,17,2808.8
24.98,16,2809.7
24.98,16,2810.6
24.98,17,2811.5
24.97,17,2812.3
24.97,17,2813.2
24.97,17,2814.1
24.98,17,2815
24.98,17,2815.9
24.97,17,2816.8
24.97,17,2817.6
24.97,17,2818.5
24.97,17,2819.4
24.97,17,2820.3
24.97,17,2821.2
24.97,17,2822
24.96,17,2822.9
24.96,17,2823.8
24.98,17,2824.7
