Temperature	PWM	Time	Set Temperature	T1	T2	T3	T4	T5

Mode	time	PWM	Heat/Cool	K_p	K_I	Set Temp	Reset Int	Sin amplitude	Sin period
Manual	0.7	0	1		0.0	0.0	45.0		1		0.0		60.0

Mode	time	PWM	Heat/Cool	K_p	K_I	Set Temp	Reset Int	Sin amplitude	Sin period
P/I	0.7	0	1		0.0	0.0	45.0		1		0.0		60.0

Mode	time	PWM	Heat/Cool	K_p	K_I	Set Temp	Reset Int	Sin amplitude	Sin period
P/I	0.7	0	1		14.7	0.0	45.0		1		0.0		60.0

Mode	time	PWM	Heat/Cool	K_p	K_I	Set Temp	Reset Int	Sin amplitude	Sin period
P/I	0.7	0	1		14.7	1.0	45.0		1		0.0		60.0

Mode	time	PWM	Heat/Cool	K_p	K_I	Set Temp	Reset Int	Sin amplitude	Sin period
P/I	150.8	255	1		14.7	1.0	45.0		0		0.0		60.0

Mode	time	PWM	Heat/Cool	K_p	K_I	Set Temp	Reset Int	Sin amplitude	Sin period
P/I	175.4	8	-1		14.7	1.0	45.0		1		0.0		60.0

Mode	time	PWM	Heat/Cool	K_p	K_I	Set Temp	Reset Int	Sin amplitude	Sin period
Sin	179.6	28	1		14.7	1.0	45.0		1		0.0		60.0

Mode	time	PWM	Heat/Cool	K_p	K_I	Set Temp	Reset Int	Sin amplitude	Sin period
Sin	183.9	63	1		14.7	1.0	45.0		1		10.0		60.0

Mode	time	PWM	Heat/Cool	K_p	K_I	Set Temp	Reset Int	Sin amplitude	Sin period
P/I	245.9	249	1		14.7	1.0	45.0		1		10.0		60.0

Mode	time	PWM	Heat/Cool	K_p	K_I	Set Temp	Reset Int	Sin amplitude	Sin period
P/I	251.2	85	1		16.2	1.0	45.0		1		10.0		60.0

Mode	time	PWM	Heat/Cool	K_p	K_I	Set Temp	Reset Int	Sin amplitude	Sin period
Sin	255.5	47	1		16.2	1.0	45.0		1		10.0		60.0

.52	22.53	22.38	22.76	22.53
23.33	0	20.7	35	22.52	22.53	22.38	22.76	22.53
23.33	0	21.7	35	22.52	22.53	22.38	22.76	22.53
23.33	0	22.7	35	22.52	22.53	22.38	22.76	22.53
23.33	0	23.7	35	22.52	22.53	22.38	22.76	22.53
23.33	0	24.7	35	22.52	22.53	22.38	22.76	22.53
23.33	0	25.7	35	22.52	22.53	22.38	22.76	22.53
23.34	0	26.7	35	22.52	22.53	22.38	22.76	22.53
23.34	0	27.7	35	22.52	22.53	22.38	22.76	22.53
23.34	0	28.7	35	22.53	22.53	22.38	22.76	22.53
23.34	0	29.7	35	22.53	22.53	22.38	22.76	22.53
23.34	0	30.7	35	22.53	22.53	22.38	22.76	22.53
23.34	0	31.7	35	22.52	22.53	22.38	22.77	22.53
23.34	0	32.7	35	22.53	22.53	22.38	22.77	22.53
23.34	0	33.8	35	22.52	22.53	22.38	22.77	22.53
23.34	0	34.8	35	22.53	22.53	22.38	22.77	22.53
23.34	0	35.8	35	22.53	22.53	22.38	22.77	22.53
23.34	0	36.8	35	22.52	22.53	22.38	22.78	22.53
23.34	0	37.8	35	22.53	22.53	22.38	22.78	22.53
23.34	0	38.8	35	22.53	22.53	22.38	22.78	22.53
23.34	0	39.8	35	22.53	22.53	22.38	22.78	22.53
23.34	0	40.8	35	22.53	22.53	22.38	22.79	22.53
23.34	0	41.8	35	22.53	22.53	22.38	22.76	22.53
23.34	0	42.8	35	22.52	22.53	22.38	22.76	22.53
23.35	0	43.8	35	22.53	22.53	22.38	22.76	22.53
23.34	0	44.8	35	22.53	22.53	22.38	22.76	22.53
23.34	0	45.8	35	22.53	22.53	22.38	22.76	22.53
23.35	0	46.8	35	22.53	22.53	22.38	22.76	22.53
23.35	0	47.8	35	22.53	22.53	22.38	22.76	22.53
23.35	0	48.8	35	22.53	22.53	22.38	22.76	22.53
23.35	0	49.8	35	22.53	22.53	22.38	22.76	22.53
23.35	0	50.8	35	22.53	22.53	22.38	22.76	22.53
23.35	0	51.8	35	22.53	22.53	22.38	22.76	22.53
23.35	0	52.8	35	22.53	22.53	22.38	22.76	22.53
23.35	0	53.8	35	22.53	22.53	22.38	22.76	22.53
23.35	0	54.8	35	22.53	22.53	22.38	22.76	22.53
23.35	0	55.8	35	22.53	22.53	22.38	22.76	22.53
23.35	0	56.8	35	22.53	22.53	22.38	22.76	22.53
23.35	0	57.8	35	22.53	22.53	22.38	22.76	22.53
23.35	0	58.8	35	22.53	22.53	22.38	22.76	22.53
23.35	0	59.8	35	22.53	22.53	22.38	22.76	22.53
23.35	0	60.8	35	22.53	22.53	22.38	22.76	22.53
23.35	0	61.8	35	22.53	22.53	22.38	22.76	22.53
23.35	0	62.8	35	22.53	22.53	22.38	22.76	22.53
23.35	0	63.8	35	22.53	22.53	22.38	22.76	22.53
23.35	0	64.8	35	22.53	22.53	22.38	22.76	22.53
23.35	0	65.8	35	22.53	22.53	22.38	22.76	22.53
23.35	0	66.8	35	22.53	22.53	22.38	22.76	22.53
23.35	0	67.8	35	22.53	22.53	22.38	22.76	22.53
23.35	0	68.8	35	22.53	22.53	22.38	22.76	22.53
23.35	0	69.8	35	22.53	22.53	22.38	22.76	22.53
23.35	0	70.8	35	22.53	22.53	22.38	22.76	22.53
23.35	0	71.8	35	22.53	22.53	22.38	22.76	22.53
23.35	0	72.8	35	22.53	22.53	22.38	22.76	22.53
23.35	0	73.8	35	22.53	22.53	22.38	22.76	22.53
23.35	0	74.8	35	22.53	22.53	22.38	22.76	22.53
23.35	0	75.8	35	22.53	22.53	22.38	22.76	22.53
23.35	0	76.8	35	22.53	22.53	22.38	22.76	22.53
23.35	0	77.8	35	22.53	22.53	22.38	22.76	22.53
23.35	0	78.8	35	22.53	22.53	22.38	22.76	22.53
23.35	0	79.8	35	22.53	22.53	22.38	22.76	22.53
23.35	0	80.8	35	22.53	22.53	22.38	22.76	22.53
23.35	0	81.8	35	22.53	22.53	22.38	22.76	22.53
23.35	0	82.8	35	22.53	22.53	22.38	22.76	22.53
23.35	0	83.8	35	22.53	22.53	22.38	22.76	22.53
23.35	0	84.8	35	22.53	22.53	22.38	22.77	22.53
23.35	0	85.8	35	22.53	22.53	22.38	22.77	22.53
23.35	0	86.8	35	22.53	22.53	22.38	22.77	22.53
23.35	0	87.8	35	22.53	22.53	22.38	22.77	22.53
23.35	0	88.8	35	22.53	22.53	22.38	22.77	22.53
23.35	0	89.8	35	22.53	22.53	22.38	22.77	22.53
23.35	0	90.8	35	22.53	22.53	22.38	22.77	22.53
23.35	0	91.8	35	22.53	22.53	22.38	22.77	22.53
23.35	0	92.8	35	22.53	22.53	22.38	22.76	22.53
23.35	0	93.8	35	22.53	22.53	22.38	22.77	22.53
23.35	0	94.8	35	22.53	22.53	22.38	22.77	22.53
23.35	0	95.8	35	22.53	22.53	22.38	22.77	22.53
23.35	0	96.8	35	22.53	22.53	22.38	22.77	22.53
23.35	0	97.8	35	22.53	22.53	22.38	22.77	22.53
23.35	0	98.8	35	22.53	22.53	22.38	22.77	22.53
23.35	0	99.8	35	22.53	22.53	22.38	22.77	22.53
23.35	0	100.8	35	22.53	22.53	22.38	22.77	22.53
23.35	0	101.9	45	22.53	22.53	22.38	22.77	22.53
23.35	0	102.9	45	22.53	22.53	22.38	22.77	22.53
23.35	0	104	45	22.53	22.53	22.38	22.77	22.53
23.35	0	105	45	22.53	22.53	22.38	22.77	22.53
23.35	0	106.1	45	22.53	22.53	22.38	22.77	22.53
23.35	0	107.2	45	22.53	22.53	22.38	22.77	22.53
23.35	0	108.2	45	22.53	22.53	22.38	22.77	22.53
23.35	0	109.3	45	22.53	22.53	22.39	22.78	22.53
23.35	0	110.3	45	22.53	22.53	22.38	22.77	22.53
23.35	0	111.4	45	22.53	22.53	22.38	22.77	22.53
23.35	0	112.5	45	22.53	22.53	22.38	22.78	22.53
23.35	0	113.5	45	22.53	22.53	22.38	22.78	22.53
23.35	0	114.6	45	22.53	22.53	22.38	22.77	22.53
23.35	0	115.6	45	22.53	22.53	22.38	22.78	22.53
23.35	255	116.7	45	22.53	22.53	22.39	22.78	22.53
23.34	255	117.8	45	22.53	22.53	22.38	22.76	22.53
23.34	255	118.8	45	22.53	22.53	22.38	22.76	22.53
23.33	255	119.9	45	22.53	22.53	22.38	22.76	22.53
23.34	255	121	45	22.53	22.53	22.38	22.76	22.53
23.34	255	122	45	22.53	22.53	22.38	22.76	22.53
23.33	255	123.1	45	22.53	22.53	22.38	22.76	22.53
23.33	255	124.1	45	22.53	22.53	22.38	22.76	22.53
23.34	255	125.2	45	22.53	22.53	22.38	22.76	22.53
23.33	255	126.3	45	22.53	22.53	22.37	22.75	22.53
23.3	255	127.3	45	22.48	22.53	22.36	22.67	22.51
23.75	255	128.4	45	22.5	22.53	22.35	22.76	22.52
24.84	255	129.5	45	22.52	22.52	22.36	22.73	22.52
26.21	255	130.5	45	22.59	22.56	22.37	22.75	22.51
27.78	255	131.6	45	22.73	22.63	22.39	22.75	22.51
29.42	255	132.7	45	22.92	22.76	22.43	22.76	22.51
31.15	255	133.7	45	23.16	22.93	22.5	22.78	22.52
32.84	255	134.8	45	23.46	23.15	22.6	22.82	22.54
34.55	255	135.9	45	23.79	23.41	22.73	22.87	22.55
36.19	255	136.9	45	24.15	23.69	22.88	22.95	22.58
37.79	255	138	45	24.55	24.01	23.06	23.04	22.63
39.36	255	139.1	45	24.97	24.34	23.26	23.15	22.69
40.85	255	140.1	45	25.4	24.7	23.48	23.27	22.75
42.32	255	141.2	45	25.85	25.06	23.72	23.42	22.83
43.73	255	142.2	45	26.3	25.44	23.97	23.57	22.92
45.15	255	143.3	45	26.77	25.82	24.23	23.74	23.02
46.51	255	144.4	45	27.24	26.19	24.5	23.92	23.13
47.78	255	145.4	45	27.71	26.59	24.79	24.11	23.26
49.04	255	146.5	45	28.19	26.99	25.09	24.31	23.39
50.26	255	147.6	45	28.67	27.39	25.39	24.52	23.53
51.41	255	148.6	45	29.15	27.8	25.69	24.74	23.69
52.59	255	149.7	45	29.63	28.2	26	24.97	23.83
53.77	255	150.8	45	30.1	28.61	26.33	25.2	23.99
54.8	-144	151.8	45	30.6	28.99	26.63	25.44	24.17
55.95	-172	152.9	45	31.09	29.4	26.96	25.69	24.36
56.67	-195	154	45	31.57	29.8	27.28	25.95	24.56
56.68	-207	155	45	32.04	30.18	27.6	26.19	24.73
56.19	-211	156.1	45	32.47	30.59	27.92	26.44	24.93
55.44	-211	157.2	45	32.84	30.93	28.26	26.71	25.13
54.44	-206	158.3	45	33.16	31.24	28.57	26.98	25.35
53.24	-197	159.3	45	33.4	31.49	28.85	27.22	25.55
52.02	-186	160.4	45	33.57	31.7	29.1	27.47	25.76
50.81	-174	161.5	45	33.69	31.86	29.33	27.7	25.95
49.64	-162	162.5	45	33.78	32	29.52	27.96	26.18
48.48	-148	163.6	45	33.78	32.03	29.67	28.08	26.35
47.36	-134	164.7	45	33.78	32.04	29.79	28.26	26.5
46.35	-120	165.8	45	33.75	32.07	29.9	28.41	26.67
45.41	-107	166.8	45	33.67	32.04	29.97	28.53	26.82
44.57	-94	167.9	45	33.62	32.04	30.02	28.65	26.96
43.77	-81	169	45	33.52	31.95	30.09	28.76	27.06
43.01	-68	170	45	33.42	31.91	30.12	28.84	27.19
42.29	-55	171.1	45	33.31	31.86	30.12	28.92	27.29
41.71	-43	172.2	45	33.2	31.8	30.12	28.98	27.37
41.17	-31	173.2	45	33.08	31.72	30.12	29.01	27.47
40.68	-19	174.3	45	32.98	31.65	30.11	29.05	27.53
40.23	-8	175.4	45	32.86	31.57	30.08	29.08	27.62
39.82	4	176.4	45	32.76	31.51	30.06	29.13	27.67
39.5	7	177.5	45	32.64	31.44	30.05	29.13	27.7
39.21	18	178.6	45	32.53	31.38	30.03	29.17	27.76
39.01	28	179.6	45	32.43	31.31	30.03	29.18	27.81
38.72	39	180.7	45	32.33	31.14	30.08	29.03	27.81
38.54	49	181.8	45	32.26	31.2	29.96	29.18	27.85
38.54	56	182.8	45	32.2	31.14	29.93	29.18	27.88
38.58	63	183.9	45	32.12	31.09	29.91	29.18	27.9
38.58	149	185	49.97	32.07	31.06	29.87	29.18	27.91
38.72	174	186	50.91	32.01	31.03	29.83	29.15	27.93
38.97	198	187.1	51.77	31.97	31	29.83	29.15	27.94
39.5	216	188.2	52.55	31.97	30.99	29.81	29.15	27.96
40.24	229	189.2	53.24	31.99	30.99	29.82	29.14	27.98
41.19	238	190.3	53.82	32.03	31.03	29.8	29.16	28
42.32	242	191.4	54.29	32.11	31.09	29.8	29.19	28
43.44	243	192.4	54.64	32.24	31.19	29.87	29.18	28.02
44.71	239	193.5	54.88	32.42	31.33	29.95	29.22	28.05
46.02	232	194.6	54.99	32.62	31.5	30.01	29.28	28.08
47.32	221	195.7	54.98	32.86	31.68	30.13	29.33	28.11
48.59	207	196.7	54.84	33.13	31.91	30.26	29.4	28.15
49.77	191	197.8	54.58	33.43	32.14	30.39	29.48	28.21
50.94	172	198.9	54.2	33.74	32.4	30.55	29.58	28.27
51.98	152	199.9	53.7	34.07	32.65	30.72	29.69	28.35
52.9	129	201	53.09	34.39	32.93	30.9	29.79	28.42
53.65	106	202.1	52.39	34.73	33.21	31.13	29.95	28.52
54.29	82	203.1	51.59	35.09	33.51	31.31	30.08	28.62
54.8	57	204.2	50.71	35.39	33.78	31.52	30.24	28.72
55.19	31	205.3	49.76	35.7	34.04	31.74	30.38	28.83
55.28	8	206.3	48.74	35.99	34.31	31.94	30.54	28.94
55.25	-32	207.4	47.69	36.24	34.55	32.16	30.7	29.06
54.99	-75	208.5	46.59	36.49	34.77	32.34	30.85	29.19
54.64	-118	209.5	45.48	36.7	34.99	32.53	31.02	29.31
54.09	-157	210.6	44.36	36.87	35.13	32.73	31.17	29.42
53.39	-191	211.7	43.25	36.99	35.3	32.89	31.34	29.56
52.57	-223	212.8	42.16	37.09	35.42	33.03	31.47	29.69
51.6	-249	213.8	41.1	37.14	35.51	33.17	31.61	29.81
50.62	-255	214.9	40.1	37.16	35.54	33.26	31.73	29.93
49.5	-255	216	39.15	37.15	35.56	33.37	31.85	30.05
48.28	-255	217	38.28	37.1	35.55	33.43	31.94	30.15
47.13	-255	218.1	37.5	36.99	35.52	33.48	32.03	30.25
45.94	-255	219.2	36.81	36.88	35.44	33.5	32.11	30.34
44.74	-255	220.2	36.22	36.72	35.36	33.52	32.18	30.43
43.57	-255	221.3	35.74	36.55	35.24	33.5	32.23	30.51
42.42	-255	222.4	35.37	36.34	35.09	33.46	32.25	30.57
41.31	-255	223.5	35.13	36.13	34.94	33.41	32.27	30.61
40.24	-255	224.5	35.01	35.89	34.75	33.34	32.27	30.66
39.18	-255	225.6	35.02	35.63	34.58	33.27	32.26	30.7
38.17	-234	226.7	35.15	35.36	34.38	33.18	32.24	30.72
37.17	-201	227.7	35.41	35.1	34.18	33.07	32.21	30.74
36.19	-162	228.8	35.78	34.82	33.95	32.96	32.17	30.76
35.33	-120	229.9	36.28	34.54	33.75	32.83	32.12	30.73
34.59	-76	230.9	36.88	34.27	33.51	32.69	32.06	30.74
33.86	-25	232	37.58	33.98	33.29	32.54	31.98	30.71
33.41	11	233.1	38.37	33.69	33.03	32.32	31.86	30.64
33.07	36	234.2	39.25	33.46	32.86	32.3	31.84	30.64
32.74	63	235.2	40.2	33.17	32.62	32.06	31.7	30.6
32.67	89	236.3	41.21	32.93	32.42	31.91	31.6	30.54
32.7	114	237.4	42.26	32.71	32.23	31.78	31.49	30.48
32.95	139	238.4	43.36	32.52	32.07	31.62	31.39	30.4
33.4	161	239.5	44.47	32.37	31.94	31.46	31.29	30.34
33.97	182	240.6	45.59	32.26	31.82	31.36	31.2	30.28
34.73	200	241.6	46.7	32.2	31.76	31.27	31.1	30.19
35.68	216	242.7	47.79	32.16	31.72	31.17	31.01	30.14
36.76	229	243.8	48.84	32.18	31.69	31.09	30.95	30.08
37.92	240	244.8	49.85	32.24	31.69	31.05	30.86	30.04
39.18	249	245.9	50.79	32.32	31.74	31.03	30.82	29.96
40.55	148	247	45	32.45	31.83	31.06	30.78	29.92
41.94	131	248	45	32.64	31.97	31.09	30.78	29.91
43.25	114	249.1	45	32.87	32.14	31.12	30.78	29.89
44.34	99	250.2	45	33.11	32.3	31.18	30.8	29.87
45.26	85	251.2	45	33.37	32.54	31.29	30.82	29.88
45.97	72	252.3	45	33.62	32.73	31.42	30.87	29.88
46.51	61	253.4	45	33.87	32.95	31.52	30.91	29.88
46.87	53	254.5	45	34.13	33.15	31.69	31	29.91
47.1	47	255.5	45	34.33	33.34	31.77	31.06	29.95
47.21	43	256.6	45	34.54	33.52	31.93	31.14	29.99
47.28	206	257.7	54.62	34.72	33.7	32.07	31.23	30.05
47.16	210	258.7	54.25	34.86	33.82	32.18	31.33	30.1
47.28	207	259.8	53.77	35.02	33.96	32.31	31.42	30.13
47.68	197	260.9	53.17	35.17	34.08	32.42	31.49	30.24
48.39	179	261.9	52.48	35.33	34.22	32.52	31.55	30.28
49.18	156	263	51.69	35.47	34.32	32.66	31.7	30.36
50.01	130	264.1	50.82	35.66	34.53	32.77	31.78	30.4
50.73	102	265.1	49.87	35.86	34.61	32.84	31.84	30.42
51.53	70	266.2	48.87	36.06	34.97	32.9	32.03	30.5
51.98	41	267.3	47.81	36.3	35.08	33.11	32.06	30.63
52.47	9	268.3	46.72	36.53	35.28	33.28	32.15	30.7
52.76	-43	269.4	45.62	36.82	35.43	33.46	32.28	30.8
52.77	-99	270.5	44.5	37.04	35.62	33.62	32.38	30.9
52.36	-141	271.5	43.38	37.18	35.81	33.77	32.52	31
51.99	-186	272.6	42.29	37.34	35.97	33.88	32.63	31.06
51.33	-222	273.7	41.23	37.49	36.05	34.01	32.74	31.15
50.53	-252	274.8	40.22	37.55	36.16	34.12	32.83	31.23
49.49	-255	275.8	39.27	37.59	36.2	34.21	32.91	31.31
48.5	-255	276.9	38.39	37.63	36.2	34.32	33.05	31.44
47.35	-255	278	37.59	37.54	36.25	34.37	33.12	31.5
46.25	-255	279	36.89	37.47	36.21	34.46	33.2	31.59
45.05	-255	280.1	36.28	37.35	36.18	34.47	33.28	31.66
43.93	-255	281.2	35.79	37.21	36.08	34.46	33.34	31.74
42.7	-255	282.2	35.41	37.02	35.96	34.42	33.36	31.79
41.63	-255	283.3	35.15	36.87	35.86	34.4	33.39	31.87
40.54	-255	284.4	35.02	36.62	35.63	34.32	33.38	31.88
39.46	-242	285.5	35.01	36.39	35.46	34.24	33.35	31.92
38.38	-211	286.5	35.13	36.14	35.28	34.16	33.34	31.92
37.44	-177	287.6	35.37	35.88	35.08	34.05	33.31	31.93
36.57	-140	288.7	35.73	35.6	34.89	33.94	33.26	31.92
35.67	-94	289.7	36.21	35.32	34.64	33.82	33.22	31.92
34.96	-48	290.8	36.8	35.05	34.42	33.68	33.14	31.91
34.4	-0	291.9	37.49	34.78	34.21	33.54	33.1	31.92
33.88	26	292.9	38.27	34.51	33.99	33.4	33	31.88
33.58	51	294	39.14	34.26	33.75	33.23	32.92	31.82
33.45	76	295.1	40.08	34.02	33.54	33.09	32.8	31.79
33.39	101	296.1	41.08	33.77	33.35	32.91	32.68	31.71
33.55	125	297.2	42.13	33.6	33.19	32.79	32.59	31.65
33.91	147	298.3	43.22	33.41	33.04	32.63	32.48	31.58
34.4	168	299.4	44.32	33.28	32.91	32.52	32.39	31.51
35.08	187	300.4	45.44	33.2	32.82	32.41	32.3	31.43
35.9	204	301.5	46.55	33.15	32.74	32.29	32.2	31.36
36.86	218	302.6	47.65	33.13	32.7	32.2	32.11	31.27
37.9	230	303.6	48.71	33.16	32.69	32.14	32.03	31.22
39.15	239	304.7	49.72	33.23	32.71	32.12	31.96	31.17
40.4	245	305.8	50.67	33.35	32.81	32.11	31.91	31.09
41.77	248	306.8	51.56	33.49	32.9	32.11	31.88	31.05
43.14	250	307.9	52.36	33.7	33.04	32.14	31.87	31.01
44.52	248	309	53.07	33.92	33.21	32.21	31.86	30.96
45.86	245	310	53.68	34.29	33.41	32.29	31.84	30.98
47.29	238	311.1	54.18	34.46	33.59	32.39	31.9	30.97
48.56	230	312.2	54.56	34.76	33.84	32.48	31.96	30.96
49.91	218	313.2	54.83	35.09	34.07	32.64	32	30.97
51.13	205	314.3	54.97	35.44	34.34	32.8	32.08	31.02
52.31	190	315.4	54.99	35.81	34.62	32.98	32.18	31.06
53.33	173	316.4	54.89	36.18	34.92	33.17	32.3	31.12
54.31	154	317.5	54.66	36.53	35.22	33.37	32.42	31.19
55.23	132	318.6	54.3	36.89	35.52	33.57	32.55	31.27
55.93	111	319.7	53.84	37.25	35.82	33.79	32.71	31.37
56.57	88	320.7	53.26	37.62	36.12	34.02	32.87	31.48
56.97	65	321.8	52.58	37.94	36.43	34.26	33.04	31.59
57.27	42	322.9	51.8	38.26	36.74	34.52	33.21	31.73
57.41	18	323.9	50.94	38.58	37.01	34.73	33.4	31.85
57.45	-11	325	50	38.88	37.23	34.94	33.56	31.99
57.23	-55	326.1	49	39.12	37.48	35.16	33.74	32.11
56.96	-101	327.1	47.96	39.34	37.68	35.34	33.88	32.22
56.31	-136	328.2	46.87	39.53	37.85	35.52	34.04	32.34
55.64	-172	329.3	45.76	39.66	37.99	35.66	34.18	32.45
54.96	-209	330.3	44.64	39.8	38.08	35.79	34.29	32.56
54.03	-239	331.4	43.52	39.87	38.17	35.94	34.4	32.67
53	-255	332.5	42.43	39.92	38.2	36.03	34.56	32.78
51.97	-255	333.6	41.36	39.87	38.24	36.14	34.65	32.88
50.84	-255	334.6	40.34	39.83	38.27	36.19	34.75	32.95
49.55	-255	335.7	39.38	39.75	38.23	36.28	34.86	33.08
48.4	-255	336.8	38.49	39.64	38.15	36.25	34.91	33.14
47.23	-255	337.8	37.68	39.47	38.03	36.26	34.96	33.23
46.05	-255	338.9	36.97	39.22	37.94	36.18	35	33.28
44.79	-255	340	36.35	39.03	37.84	36.44	34.86	33.45
43.79	-255	341	35.84	38.85	37.67	36.2	35.08	33.38
42.67	-255	342.1	35.45	38.59	37.41	36.08	35.03	33.42
41.61	-255	343.2	35.18	38.35	37.24	36	35	33.45
40.42	-255	344.3	35.03	38.05	37.05	35.87	35	33.49
39.46	-255	345.3	35.01	37.8	36.81	35.8	34.96	33.48
38.43	-255	346.4	35.11	37.48	36.62	35.65	34.93	33.49
37.5	-230	347.5	35.33	37.17	36.46	35.55	34.84	33.47
36.59	-191	348.5	35.68	36.89	36.2	35.4	34.8	33.46
35.68	-146	349.6	36.14	36.59	35.92	35.25	34.7	33.44
34.89	-97	350.7	36.72	36.27	35.69	35.09	34.63	33.43
34.18	-45	351.8	37.4	35.99	35.47	34.9	34.55	33.38
33.56	5	352.8	38.17	35.67	35.19	34.74	34.46	33.34
33.08	33	353.9	39.03	35.36	34.93	34.54	34.32	33.24
32.79	61	355	39.96	35.11	34.72	34.39	34.2	33.18
32.72	87	356	40.95	34.82	34.52	34.21	34.07	33.12
32.8	113	357.1	42	34.55	34.26	34.03	33.94	33.02
33.04	138	358.2	43.08	34.33	34.07	33.87	33.81	32.93
33.43	162	359.2	44.19	34.16	33.88	33.67	33.65	32.83
34.09	182	360.3	45.31	34.04	33.75	33.51	33.51	32.73
34.78	202	361.4	46.42	33.93	33.61	33.41	33.39	32.66
35.88	215	362.4	47.52	33.85	33.56	33.27	33.28	32.55
36.87	229	363.5	48.58	33.86	33.55	33.15	33.19	32.44
38.02	240	364.6	49.6	33.88	33.56	33.12	33.11	32.36
39.34	247	365.6	50.57	33.92	33.56	33.03	33.02	32.27
40.72	251	366.7	51.46	34.09	33.65	33.04	32.94	32.22
42.12	253	367.8	52.27	34.22	33.74	33.06	32.93	32.2
43.68	250	368.8	52.99	34.43	33.92	33.1	32.86	32.08
44.51	255	369.9	53.61	34.51	34.17	33.09	33.1	31.86
46.85	235	371	54.13	34.93	34.26	33.08	32.9	32.03
48.01	230	372	54.53	35.17	34.56	33.33	32.95	32.09
49.36	219	373.1	54.81	35.53	34.78	33.46	33.01	32.06
50.43	209	374.2	54.96	35.89	34.98	33.63	33.04	32.09
51.64	194	375.3	55	36.21	35.29	33.77	33.12	32.11
52.77	177	376.3	54.9	36.58	35.55	33.93	33.23	32.15
53.87	156	377.4	54.69	36.92	35.86	34.16	33.35	32.23
54.68	138	378.5	54.35	37.31	36.15	34.35	33.46	32.27
55.49	115	379.5	53.9	37.66	36.47	34.57	33.59	32.38
56.11	93	380.6	53.33	37.97	36.74	34.81	33.72	32.45
56.65	69	381.7	52.66	38.35	37.05	34.99	33.89	32.54
56.91	47	382.7	51.9	38.69	37.32	35.26	34.03	32.64
57.07	24	383.8	51.04	39	37.57	35.4	34.21	32.73
57.08	1	384.9	50.12	39.27	37.83	35.62	34.35	32.82
57.09	-48	385.9	49.13	39.52	38.02	35.85	34.48	32.95
56.74	-90	387	48.08	39.71	38.25	36.03	34.67	33.04
56.19	-128	388.1	47	39.91	38.41	36.16	34.77	33.17
55.69	-170	389.1	45.89	40.07	38.55	36.33	34.88	33.28
54.86	-202	390.2	44.77	40.17	38.68	36.48	35.07	33.44
54.09	-236	391.3	43.66	40.25	38.83	36.61	35.2	33.53
53.07	-255	392.4	42.56	40.29	38.86	36.75	35.3	33.64
51.99	-255	393.4	41.49	40.3	38.89	36.83	35.47	33.73
50.91	-255	394.5	40.46	40.26	38.88	36.89	35.56	33.84
49.7	-255	395.6	39.49	40.2	38.84	36.97	35.65	33.93
48.46	-255	396.6	38.6	40.08	38.79	36.97	35.72	34.01
47.27	-255	397.7	37.78	39.94	38.7	36.97	35.75	34.08
46.02	-255	398.8	37.05	39.76	38.56	36.97	35.79	34.14
44.94	-255	399.8	36.42	39.56	38.41	36.91	35.8	34.2
43.79	-255	400.9	35.9	39.35	38.26	36.85	35.82	34.27
42.67	-255	402	35.49	39.11	38.09	36.81	35.83	34.29
41.64	-255	403.1	35.21	38.83	37.88	36.73	35.82	34.32
40.56	-255	404.1	35.04	38.58	37.7	36.61	35.77	34.32
39.53	-255	405.2	35	38.3	37.49	36.49	35.83	34.35
39.02	-255	406.3	35.09	38	37.33	36.28	35.67	34.28
37.7	-238	407.3	35.3	37.84	37.14	36.32	35.8	34.47
36.94	-206	408.4	35.63	37.57	36.93	36.22	35.72	34.46
36.08	-164	409.5	36.08	37.27	36.75	36.07	35.61	34.43
35.23	-115	410.6	36.64	36.82	36.43	35.89	35.5	34.33
34.5	-63	411.6	37.31	36.62	36.28	35.79	35.47	34.36
33.89	-10	412.7	38.07	36.32	36.09	35.62	35.33	34.28
33.53	21	413.8	38.92	36.08	35.79	35.44	35.29	34.28
33.2	49	414.8	39.84	35.69	35.49	35.25	35.1	34.17
32.84	79	415.9	40.83	35.36	35.17	34.99	34.92	34.01
32.71	108	417	41.87	35	34.85	34.64	34.62	33.79
32.78	136	418	42.95	34.74	34.59	34.5	34.48	33.64
33.29	158	419.1	44.06	34.55	34.41	34.25	34.35	33.55
33.82	180	420.2	45.18	34.37	34.28	34.15	34.23	33.49
34.55	199	421.2	46.29	34.24	34.16	34	34.08	33.4
35.41	217	422.3	47.39	34.19	34.08	33.88	33.98	33.32
36.47	230	423.4	48.46	34.17	34	33.78	33.9	33.24
37.68	240	424.4	49.49	34.19	34.04	33.7	33.79	33.13
39.01	247	425.5	50.46	34.26	34.06	33.65	33.72	33.05
40.28	254	426.6	51.36	34.41	34.12	33.65	33.65	32.98
41.73	255	427.6	52.18	34.56	34.22	33.62	33.62	32.89
43.26	253	428.7	52.91	34.81	34.37	33.68	33.55	32.83
44.71	250	429.8	53.54	34.98	34.57	33.74	33.53	32.82
46.15	244	430.9	54.07	35.25	34.71	33.77	33.56	32.77
47.54	236	431.9	54.48	35.55	34.97	33.86	33.56	32.8
49.01	224	433	54.78	35.84	35.16	34.01	33.6	32.76
50.27	211	434.1	54.95	36.17	35.45	34.14	33.67	32.78
51.49	196	435.1	55	36.54	35.73	34.28	33.72	32.8
52.51	181	436.2	54.92	36.9	35.98	34.46	33.81	32.8
53.68	160	437.3	54.72	37.27	36.27	34.67	33.94	32.89
54.64	139	438.3	54.4	37.63	36.57	34.86	34.05	32.94
55.37	119	439.4	53.96	37.99	36.87	35.07	34.2	33.01
56.03	96	440.5	53.4	38.35	37.21	35.29	34.31	33.09
56.51	74	441.5	52.75	38.69	37.42	35.5	34.46	33.2
56.86	50	442.6	51.99	39.03	37.68	35.7	34.53	33.23
57.25	24	443.7	51.15	39.34	37.92	35.86	34.75	33.34
57.21	2	444.7	50.23	39.6	38.21	36.08	34.9	33.45
57.1	-42	445.8	49.25	39.85	38.45	36.3	35.04	33.56
56.82	-86	446.9	48.21	40.06	38.62	36.47	35.18	33.66
56.37	-127	448	47.13	40.24	38.81	36.67	35.35	33.78
55.86	-169	449	46.02	40.4	38.97	36.84	35.5	33.9
55.05	-201	450.1	44.9	40.53	39.11	36.99	35.62	34.02
54.18	-233	451.2	43.79	40.57	39.21	37.13	35.76	34.13
53.24	-255	452.2	42.68	40.64	39.27	37.22	35.89	34.21
52.18	-255	453.3	41.61	40.63	39.32	37.31	36.01	34.33
50.98	-255	454.4	40.58	40.61	39.32	37.37	36.09	34.43
49.76	-255	455.4	39.6	40.55	39.28	37.45	36.19	34.52
48.54	-255	456.5	38.7	40.45	39.22	37.47	36.27	34.59
47.39	-255	457.6	37.87	40.3	39.11	37.49	36.3	34.65
46.25	-255	458.7	37.13	40.13	38.98	37.43	36.32	34.7
45.08	-255	459.7	36.49	39.92	38.81	37.37	36.32	34.75
43.91	-255	460.8	35.95	39.69	38.63	37.3	36.31	34.78
42.79	-255	461.9	35.53	39.44	38.45	37.21	36.29	34.8
41.67	-255	462.9	35.23	39.18	38.26	37.12	36.25	34.83
40.69	-255	464	35.05	38.89	38.05	36.99	36.2	34.82
39.66	-255	465.1	35	38.59	37.81	36.87	36.15	34.8
38.67	-255	466.1	35.07	38.3	37.57	36.73	36.07	34.77
37.72	-238	467.2	35.27	37.98	37.33	36.56	36	34.75
36.67	-197	468.3	35.59	37.64	37.08	36.38	35.91	34.74
35.81	-154	469.4	36.02	37.31	36.82	36.25	35.83	34.68
35	-107	470.4	36.57	36.98	36.55	36.1	35.74	34.65
34.31	-57	471.5	37.23	36.67	36.31	35.93	35.65	34.63
33.67	-2	472.6	37.98	36.39	36.06	35.73	35.56	34.52
33.26	25	473.6	38.82	36.01	35.78	35.54	35.41	34.44
32.94	53	474.7	39.73	35.69	35.54	35.39	35.23	34.39
32.69	82	475.8	40.71	35.38	35.31	35.17	35.12	34.27
32.86	106	476.8	41.75	35.14	35.09	34.98	34.99	34.19
32.93	133	477.9	42.82	34.93	34.87	34.81	34.87	34.08
33.32	156	479	43.93	34.75	34.71	34.63	34.72	33.97
33.91	177	480	45.05	34.58	34.52	34.47	34.6	33.91
34.66	196	481.1	46.16	34.47	34.41	34.35	34.47	33.77
35.57	213	482.2	47.26	34.37	34.33	34.2	34.33	33.69
36.61	226	483.2	48.34	34.38	34.29	34.13	34.2	33.62
37.89	235	484.3	49.37	34.46	34.29	34.06	34.12	33.47
39.11	244	485.4	50.35	34.49	34.33	33.98	34.06	33.41
40.43	249	486.5	51.26	34.55	34.41	33.95	34	33.36
41.84	251	487.5	52.09	34.77	34.49	33.94	33.93	33.28
43.2	252	488.6	52.83	34.95	34.65	33.98	33.92	33.24
44.69	248	489.7	53.48	35.19	34.8	34.03	33.9	33.22
46.11	243	490.7	54.02	35.46	34.98	34.1	33.91	33.19
47.49	235	491.8	54.44	35.75	35.24	34.22	33.94	33.13
48.77	226	492.9	54.75	36.04	35.46	34.31	33.97	33.16
49.99	215	493.9	54.94	36.38	35.65	34.47	34	33.11
51.29	199	495	55	36.67	35.99	34.64	34.1	33.21
52.48	182	496.1	54.94	37.06	36.25	34.83	34.18	33.23
53.59	162	497.1	54.75	37.43	36.54	34.98	34.31	33.26
54.49	143	498.2	54.44	37.82	36.85	35.16	34.4	33.31
55.31	121	499.3	54.01	38.17	37.13	35.35	34.53	33.38
56.01	98	500.3	53.47	38.53	37.45	35.54	34.67	33.45
56.58	74	501.4	52.83	38.87	37.7	35.73	34.78	33.53
56.85	53	502.5	52.08	39.16	37.93	36.03	34.93	33.63
57.12	28	503.6	51.25	39.5	38.26	36.19	35.06	33.7
57.22	4	504.6	50.34	39.74	38.48	36.37	35.21	33.8
57.15	-39	505.7	49.36	40.03	38.72	36.6	35.39	33.92
56.87	-82	506.8	48.33	40.24	38.92	36.77	35.52	34.04
56.48	-125	507.8	47.26	40.47	39.1	36.94	35.63	34.13
55.81	-160	508.9	46.15	40.61	39.24	37.1	35.79	34.23
55.17	-198	510	45.04	40.71	39.33	37.22	35.9	34.32
54.22	-227	511	43.92	40.75	39.41	37.36	36.01	34.4
53.34	-255	512.1	42.81	40.78	39.5	37.43	36.15	34.5
52.31	-255	513.2	41.73	40.78	39.47	37.54	36.28	34.61
51.14	-255	514.2	40.7	40.79	39.44	37.54	36.35	34.69
50.04	-255	515.3	39.71	40.65	39.43	37.69	36.44	34.79
48.78	-255	516.4	38.8	40.54	39.41	37.69	36.51	34.89
47.57	-255	517.5	37.96	40.41	39.28	37.68	36.54	34.93
46.39	-255	518.5	37.21	40.2	39.19	37.66	36.59	35
45.22	-255	519.6	36.56	40.03	39.04	37.61	36.6	35.07
44.06	-255	520.7	36.01	39.8	38.88	37.57	36.62	35.11
43.03	-255	521.7	35.58	39.54	38.72	37.51	36.6	35.14
41.89	-255	522.8	35.26	39.28	38.49	37.4	36.58	35.16
40.9	-255	523.9	35.07	39.02	38.28	37.27	36.54	35.14
39.84	-255	525	35	38.74	38.04	37.17	36.46	35.15
38.78	-255	526	35.06	38.41	37.79	37.04	36.34	35.14
37.87	-245	527.1	35.24	38	37.61	36.81	36.26	35.18
36.89	-207	528.2	35.54	38.03	37.29	36.48	36.28	34.99
35.98	-164	529.2	35.97	37.49	37.09	36.63	36.19	35.02
35.1	-115	530.3	36.5	37.13	36.84	36.43	36.16	35.03
34.36	-64	531.4	37.15	36.87	36.64	36.26	36.01	34.99
33.83	-14	532.4	37.89	36.53	36.37	36.09	35.9	34.9
33.29	21	533.5	38.72	36.24	36.12	35.89	35.8	34.87
32.93	49	534.6	39.62	35.95	35.91	35.72	35.66	34.76
32.81	76	535.6	40.6	35.68	35.63	35.52	35.53	34.69
32.79	103	536.7	41.63	35.43	35.42	35.33	35.38	34.6
32.96	128	537.8	42.7	35.19	35.24	35.17	35.26	34.51
33.28	152	538.9	43.8	35	35.07	35.02	35.12	34.42
33.86	174	539.9	44.92	34.85	34.89	34.84	35	34.32
34.57	193	541	46.03	34.8	34.75	34.72	34.87	34.21
35.46	209	542.1	47.14	34.67	34.72	34.58	34.77	34.14
36.48	224	543.1	48.21	34.7	34.66	34.49	34.67	34.06
37.66	234	544.2	49.25	34.75	34.68	34.42	34.61	34.02
38.87	243	545.3	50.23	34.77	34.67	34.39	34.48	33.99
40.29	247	546.3	51.15	34.91	34.74	34.45	34.46	33.86
41.57	252	547.4	52	35.03	34.82	34.37	34.36	33.77
43.16	249	548.5	52.75	35.26	34.93	34.4	34.3	33.71
44.57	247	549.5	53.41	35.5	35.08	34.45	34.33	33.66
46.1	240	550.6	53.96	35.73	35.3	34.49	34.3	33.61
47.35	235	551.7	54.4	35.97	35.5	34.52	34.27	33.67
48.67	225	552.7	54.72	36.29	35.75	34.67	34.4	33.59
49.91	214	553.8	54.92	36.6	35.99	34.78	34.44	33.64
51.35	196	554.9	55	36.95	36.24	34.98	34.51	33.65
52.38	182	555.9	54.95	37.29	36.56	35.1	34.54	33.64
53.29	166	557	54.78	37.63	36.82	35.33	34.7	33.67
54.32	145	558.1	54.48	38.04	37.14	35.49	34.79	33.74
55.25	122	559.2	54.07	38.35	37.4	35.68	34.91	33.81
55.9	100	560.2	53.54	38.74	37.69	35.89	35.04	33.88
56.38	78	561.3	52.91	39.1	37.95	36.1	35.16	33.93
56.76	55	562.4	52.18	39.38	38.24	36.29	35.31	34.04
57.1	30	563.4	51.35	39.71	38.5	36.51	35.4	34.1
57.07	8	564.5	50.45	39.99	38.72	36.72	35.56	34.21
57.2	-36	565.6	49.48	40.23	38.99	36.97	35.72	34.37
56.94	-80	566.6	48.45	40.44	39.17	37.09	35.89	34.42
56.34	-115	567.7	47.38	40.63	39.36	37.29	36.05	34.53
55.91	-159	568.8	46.28	40.8	39.49	37.43	36.21	34.66
55.19	-194	569.8	45.17	40.95	39.68	37.6	36.34	34.81
54.2	-221	570.9	44.05	41.02	39.77	37.74	36.49	34.89
53.47	-255	572	42.94	41.09	39.84	37.87	36.6	35.03
52.44	-255	573.1	41.86	41.09	39.86	37.94	36.71	35.15
51.34	-255	574.1	40.81	41.06	39.88	38.01	36.82	35.2
50.08	-255	575.2	39.83	41.01	39.83	38.06	36.87	35.27
48.84	-255	576.3	38.9	40.89	39.8	38.11	36.93	35.32
47.66	-255	577.3	38.05	40.77	39.68	38.06	36.93	35.39
46.56	-255	578.4	37.29	40.59	39.57	38.06	37.01	35.48
45.33	-255	579.5	36.63	40.4	39.4	38.01	37.03	35.52
44.12	-255	580.5	36.07	40.17	39.26	37.98	37.02	35.57
43	-255	581.6	35.62	39.95	39.07	37.89	37.01	35.57
42.04	-255	582.7	35.29	39.67	38.87	37.78	36.99	35.6
40.88	-255	583.8	35.08	39.42	38.64	37.65	36.95	35.58
39.96	-255	584.8	35	39.12	38.41	37.53	36.86	35.58
38.99	-255	585.9	35.04	38.78	38.26	37.38	36.88	35.56
38.02	-251	587	35.21	38.44	37.95	37.27	36.77	35.56
36.99	-212	588	35.5	38.22	37.77	37.08	36.74	35.52
36.15	-172	589.1	35.91	37.92	37.51	37.05	36.62	35.54
35.29	-125	590.2	36.44	37.58	37.31	36.84	36.58	35.48
34.54	-74	591.3	37.07	37.25	37.01	36.62	36.44	35.44
34.12	-29	592.3	37.8	36.9	36.77	36.52	36.35	35.32
33.44	16	593.4	38.62	36.69	36.29	36.22	36.29	35.12
32.63	51	594.5	39.52	36.27	36.29	36.16	36.05	35.13
32.68	75	595.5	40.48	36.06	35.91	35.91	35.92	35.08
32.63	102	596.6	41.5	35.78	35.7	35.7	35.79	35
32.88	126	597.7	42.57	35.52	35.51	35.47	35.63	34.91
33.2	150	598.7	43.67	35.29	35.32	35.34	35.48	34.79
33.75	172	599.8	44.79	35.14	35.18	35.14	35.37	34.68
34.44	191	600.9	45.9	35.03	35.01	35.02	35.22	34.61
35.37	207	601.9	47.01	34.93	34.95	34.89	35.1	34.52
36.38	221	603	48.09	34.91	34.88	34.78	35.01	34.4
37.54	233	604.1	49.13	34.91	34.89	34.7	34.91	34.32
38.77	242	605.1	50.12	34.99	34.9	34.68	34.84	34.26
40.09	247	606.2	51.05	35.07	34.97	34.64	34.76	34.14
41.55	249	607.3	51.9	35.19	35.02	34.59	34.67	34.15
42.9	251	608.3	52.67	35.46	35.22	34.64	34.62	34.12
44.26	250	609.4	53.34	35.65	35.34	34.66	34.66	34.01
45.77	243	610.5	53.9	35.91	35.54	34.76	34.64	33.98
47.24	235	611.5	54.35	36.18	35.79	34.8	34.63	34
48.67	224	612.6	54.69	36.51	35.99	34.95	34.71	33.95
49.87	214	613.7	54.91	36.81	36.23	35.07	34.78	33.96
51.07	200	614.8	55	37.21	36.5	35.24	34.84	34
52.25	184	615.8	54.96	37.54	36.8	35.42	34.94	34.03
53.41	164	616.9	54.8	37.9	37.11	35.61	35.04	34.1
54.23	147	618	54.52	38.29	37.37	35.8	35.13	34.09
55.16	124	619	54.12	38.65	37.7	36.01	35.25	34.18
55.79	103	620.1	53.61	38.99	37.95	36.2	35.35	34.23
56.31	81	621.2	52.99	39.34	38.23	36.43	35.52	34.31
56.75	57	622.2	52.27	39.65	38.51	36.64	35.65	34.44
57.18	31	623.3	51.45	40.01	38.81	36.82	35.81	34.49
57.23	8	624.4	50.56	40.27	39.03	37.01	35.94	34.59
57.11	-28	625.4	49.6	40.56	39.25	37.23	36.08	34.7
56.87	-72	626.5	48.57	40.76	39.45	37.38	36.23	34.82
56.57	-117	627.6	47.51	40.95	39.63	37.54	36.35	34.93
56.05	-158	628.6	46.41	41.22	39.78	37.74	36.5	35.02
55.21	-189	629.7	45.3	41.26	39.93	37.9	36.67	35.13
54.44	-223	630.8	44.18	41.32	40.01	38.04	36.77	35.22
53.67	-255	631.9	43.07	41.39	40.1	38.11	36.87	35.34
52.4	-255	632.9	41.98	41.35	40.08	38.17	37.01	35.41
51.5	-255	634	40.93	41.32	40	38.4	37.04	35.53
50.19	-255	635.1	39.94	41.24	40.03	38.29	37.12	35.61
48.95	-255	636.1	39.01	41.14	39.95	38.3	37.21	35.65
47.78	-255	637.2	38.15	40.97	39.86	38.33	37.24	35.72
46.7	-255	638.3	37.38	40.79	39.75	38.3	37.27	35.76
45.43	-255	639.3	36.7	40.59	39.62	38.25	37.28	35.83
44.22	-255	640.4	36.13	40.34	39.47	38.19	37.3	35.89
43.22	-255	641.5	35.67	40.05	39.29	38.15	37.3	35.91
42.04	-255	642.6	35.32	39.81	39.05	38.04	37.3	35.98
41.02	-255	643.6	35.1	39.63	38.83	37.89	37.23	35.93
39.95	-255	644.7	35	39.27	38.69	37.84	37.22	35.96
39.06	-255	645.8	35.03	38.99	38.48	37.72	37.16	35.94
38.05	-252	646.8	35.19	38.7	38.24	37.57	37.1	35.93
37.17	-219	647.9	35.46	38.38	37.99	37.41	37.01	35.89
36.23	-177	649	35.86	38.07	37.74	37.27	36.92	35.83
35.4	-131	650.1	36.37	37.81	37.5	37.09	36.84	35.79
34.59	-79	651.1	36.99	37.42	37.19	36.9	36.75	35.75
33.91	-26	652.2	37.71	37.12	36.94	36.75	36.6	35.68
33.4	14	653.3	38.52	36.82	36.69	36.5	36.51	35.6
32.96	43	654.3	39.41	36.47	36.46	36.33	36.34	35.49
32.87	68	655.4	40.37	36.22	36.21	36.14	36.23	35.44
32.73	96	656.5	41.38	36	35.97	35.94	36.1	35.34
32.81	123	657.5	42.45	35.68	35.77	35.77	35.96	35.27
33.19	146	658.6	43.54	35.49	35.58	35.64	35.83	35.15
33.68	169	659.7	44.66	35.33	35.4	35.49	35.69	35.08
34.42	188	660.7	45.77	35.25	35.3	35.32	35.57	34.98
35.23	205	661.8	46.88	35.17	35.18	35.18	35.44	34.87
36.29	219	662.9	47.97	35.15	35.15	35.08	35.32	34.78
37.33	232	663.9	49.01	35.15	35.13	34.98	35.24	34.71
38.55	241	665	50.01	35.21	35.12	34.92	35.11	34.6
39.87	248	666.1	50.95	35.32	35.17	34.88	35.05	34.52
41.3	250	667.1	51.81	35.48	35.25	34.87	35.02	34.45
42.76	250	668.2	52.58	35.7	35.42	34.94	35.01	34.45
44.23	247	669.3	53.26	35.92	35.61	34.98	35.05	34.43
45.65	243	670.4	53.84	36.19	35.79	35.07	35	34.37
47.03	236	671.4	54.31	36.47	36	35.15	34.99	34.35
48.46	226	672.5	54.66	36.79	36.23	35.24	35.02	34.3
49.88	212	673.6	54.89	37.12	36.48	35.36	35.04	34.29
51.05	199	674.6	54.99	37.39	36.71	35.5	35.1	34.31
52.22	183	675.7	54.97	37.76	36.97	35.68	35.2	34.32
53.41	163	676.8	54.83	38.1	37.23	35.82	35.27	34.35
54.29	145	677.8	54.56	38.43	37.5	36.02	35.38	34.41
55.1	125	678.9	54.18	38.8	37.83	36.23	35.5	34.47
55.78	103	680	53.68	39.14	38.15	36.42	35.66	34.56
56.41	80	681	53.07	39.49	38.45	36.64	35.79	34.65
56.79	57	682.1	52.35	39.79	38.7	36.86	35.92	34.74
57.09	33	683.2	51.55	40.09	38.95	37.07	36.08	34.83
57.12	11	684.2	50.67	40.4	39.23	37.31	36.21	34.94
57.13	-26	685.3	49.71	40.7	39.46	37.46	36.37	35.04
56.88	-69	686.4	48.7	40.88	39.63	37.7	36.49	35.1
56.58	-114	687.5	47.63	41.08	39.83	37.83	36.6	35.22
55.88	-147	688.5	46.54	41.25	39.96	37.93	36.8	35.34
55.36	-189	689.6	45.43	41.37	40.09	38.14	36.94	35.46
54.45	-218	690.7	44.31	41.48	40.18	38.26	37.08	35.57
53.61	-250	691.7	43.2	41.53	40.29	38.36	37.19	35.67
52.57	-255	692.8	42.11	41.51	40.35	38.45	37.3	35.76
51.48	-255	693.9	41.05	41.5	40.32	38.58	37.41	35.88
50.37	-255	694.9	40.05	41.41	40.27	38.61	37.46	35.96
49.19	-255	696	39.11	41.3	40.24	38.64	37.53	36.04
47.91	-255	697.1	38.24	41.18	40.14	38.64	37.58	36.11
46.76	-255	698.2	37.46	41.02	40.07	38.63	37.63	36.16
45.6	-255	699.2	36.77	40.81	39.92	38.6	37.63	36.21
44.44	-255	700.3	36.19	40.62	39.79	38.53	37.64	36.23
43.35	-255	701.4	35.71	40.36	39.6	38.44	37.63	36.28
42.3	-255	702.4	35.36	40.12	39.41	38.39	37.66	36.29
41.23	-255	703.5	35.12	39.87	39.23	38.29	37.65	36.31
40.18	-255	704.6	35.01	39.59	38.97	38.17	37.57	36.31
39.13	-255	705.7	35.02	39.3	38.75	38.03	37.52	36.3
38.18	-255	706.7	35.16	39.01	38.51	37.88	37.45	36.27
37.29	-226	707.8	35.42	38.68	38.26	37.72	37.35	36.22
36.28	-182	708.9	35.81	38.4	38	37.57	37.25	36.18
35.53	-140	709.9	36.31	38.09	37.75	37.38	37.15	36.15
34.66	-87	711	36.91	37.76	37.53	37.22	37.06	36.1
34	-35	712.1	37.62	37.39	37.29	37.06	36.95	36.04
33.42	10	713.1	38.42	37.14	37.02	36.87	36.84	35.97
33.04	38	714.2	39.3	36.81	36.76	36.69	36.72	35.92
32.84	65	715.3	40.25	36.53	36.51	36.49	36.59	35.85
32.75	92	716.3	41.26	36.27	36.29	36.31	36.45	35.74
32.79	119	717.4	42.32	36.06	36.13	36.14	36.31	35.67
33.08	144	718.5	43.41	35.83	35.88	35.95	36.2	35.58
33.65	165	719.5	44.53	35.65	35.71	35.74	36.02	35.44
34.33	184	720.6	45.65	35.49	35.59	35.59	35.89	35.35
35.12	203	721.7	46.76	35.42	35.47	35.47	35.78	35.23
36.12	217	722.8	47.84	35.4	35.42	35.36	35.66	35.15
37.23	229	723.8	48.9	35.43	35.38	35.29	35.57	35.04
38.44	239	724.9	49.9	35.48	35.38	35.19	35.47	34.96
39.71	246	726	50.84	35.55	35.45	35.2	35.42	34.88
41.14	249	727	51.71	35.7	35.52	35.15	35.31	34.79
42.55	250	728.1	52.5	35.85	35.6	35.15	35.29	34.72
43.93	249	729.2	53.19	36.05	35.74	35.18	35.25	34.65
45.39	244	730.2	53.78	36.29	35.95	35.24	35.24	34.64
46.81	237	731.3	54.26	36.59	36.17	35.34	35.26	34.6
48.28	227	732.4	54.62	36.88	36.42	35.5	35.31	34.6
49.56	216	733.4	54.87	37.19	36.61	35.61	35.33	34.62
50.88	201	734.5	54.99	37.55	36.89	35.72	35.39	34.62
52.03	186	735.6	54.98	37.91	37.16	35.91	35.47	34.62
53.13	168	736.6	54.85	38.21	37.39	36.09	35.54	34.7
53.98	151	737.7	54.6	38.61	37.72	36.23	35.64	34.68
54.94	128	738.8	54.23	38.94	37.99	36.43	35.74	34.76
55.68	106	739.8	53.74	39.28	38.26	36.58	35.87	34.76
56.21	85	740.9	53.14	39.64	38.58	36.83	35.99	34.85
56.66	61	742	52.44	39.99	38.85	37.04	36.14	34.95
57.08	36	743.1	51.65	40.32	39.13	37.29	36.32	35.06
57.26	11	744.1	50.77	40.63	39.41	37.47	36.43	35.19
57.17	-21	745.2	49.82	40.9	39.65	37.68	36.63	35.3
56.98	-66	746.3	48.81	41.13	39.83	37.86	36.72	35.36
56.6	-108	747.3	47.76	41.31	39.97	38	36.87	35.5
56.22	-152	748.4	46.67	41.51	40.14	38.2	37.03	35.6
55.55	-189	749.5	45.55	41.66	40.33	38.38	37.17	35.72
54.83	-225	750.5	44.43	41.76	40.4	38.48	37.27	35.82
53.85	-253	751.6	43.32	41.81	40.44	38.59	37.41	35.89
52.74	-255	752.7	42.23	41.8	40.49	38.67	37.48	35.98
51.65	-255	753.8	41.17	41.81	40.52	38.78	37.58	36.1
50.47	-255	754.8	40.16	41.73	40.5	38.81	37.69	36.15
49.33	-255	755.9	39.21	41.63	40.42	38.81	37.73	36.26
48.06	-255	757	38.34	41.49	40.34	38.8	37.82	36.32
46.79	-255	758	37.54	41.26	40.19	38.8	37.79	36.38
45.78	-255	759.1	36.85	41.07	40.07	38.74	37.88	36.45
44.56	-255	760.2	36.25	40.89	39.93	38.66	37.85	36.4
43.44	-255	761.2	35.76	40.62	39.71	38.61	37.81	36.44
42.38	-255	762.3	35.39	40.37	39.52	38.51	37.78	36.46
41.3	-255	763.4	35.14	40.09	39.31	38.41	37.76	36.45
40.27	-255	764.5	35.02	39.8	39.07	38.3	37.7	36.45
39.26	-255	765.5	35.02	39.5	38.89	38.18	37.67	36.46
38.33	-255	766.6	35.14	39.24	38.66	38.05	37.6	36.45
37.37	-231	767.7	35.39	38.9	38.44	37.91	37.54	36.44
36.46	-191	768.7	35.76	38.61	38.2	37.75	37.45	36.41
35.52	-144	769.8	36.24	38.27	37.93	37.59	37.36	36.36
34.82	-97	770.9	36.84	37.96	37.68	37.42	37.26	36.3
34.13	-45	772	37.53	37.65	37.43	37.23	37.16	36.22
33.53	5	773	38.32	37.34	37.18	37.03	37.02	36.17
33.13	33	774.1	39.2	37.03	36.91	36.84	36.89	36.08
32.8	61	775.2	40.14	36.71	36.66	36.63	36.74	35.98
32.79	87	776.2	41.15	36.48	36.4	36.45	36.6	35.9
32.83	114	777.3	42.2	36.2	36.16	36.26	36.46	35.79
33.07	139	778.4	43.29	36	35.97	36.05	36.32	35.67
33.57	161	779.4	44.4	35.8	35.78	35.93	36.17	35.59
34.14	183	780.5	45.52	35.63	35.64	35.73	36	35.49
35.02	200	781.6	46.63	35.57	35.52	35.6	35.9	35.37
35.88	217	782.6	47.72	35.51	35.47	35.48	35.78	35.27
37.08	228	783.7	48.78	35.5	35.41	35.37	35.66	35.16
38.23	238	784.8	49.79	35.55	35.43	35.31	35.6	35.06
39.57	244	785.8	50.74	35.61	35.47	35.24	35.5	35
40.9	249	786.9	51.62	35.72	35.53	35.24	35.43	34.91
42.3	251	788	52.41	35.89	35.65	35.24	35.39	34.87
43.76	249	789	53.12	36.09	35.81	35.26	35.34	34.81
45.2	245	790.1	53.72	36.33	35.94	35.33	35.33	34.74
46.63	238	791.2	54.21	36.58	36.15	35.39	35.34	34.74
48.04	229	792.2	54.59	36.86	36.36	35.49	35.37	34.7
49.37	218	793.3	54.84	37.15	36.61	35.62	35.39	34.7
50.65	204	794.4	54.98	37.44	36.86	35.73	35.41	34.67
51.86	188	795.5	54.99	37.82	37.12	35.88	35.5	34.69
52.95	171	796.5	54.87	38.17	37.43	36.06	35.61	34.68
53.97	151	797.6	54.63	38.53	37.7	36.27	35.69	34.77
54.65	134	798.7	54.27	38.88	37.92	36.43	35.77	34.8
55.57	109	799.7	53.8	39.23	38.27	36.62	35.95	34.86
56.11	88	800.8	53.21	39.58	38.57	36.81	36.01	34.97
56.69	63	801.9	52.52	39.9	38.79	37.05	36.16	35
56.88	41	802.9	51.74	40.18	39.09	37.26	36.28	35.15
57.32	13	804	50.88	40.49	39.3	37.39	36.39	35.26
57.14	-14	805.1	49.93	40.78	39.57	37.64	36.63	35.31
56.98	-60	806.1	48.93	40.93	39.79	37.9	36.76	35.44
56.27	-89	807.2	47.88	41.15	40.06	38.04	36.99	35.59
56.07	-139	808.3	46.79	41.44	40.26	38.22	37.09	35.55
55.48	-178	809.3	45.68	41.58	40.31	38.38	37.16	35.76
54.75	-213	810.4	44.56	41.59	40.47	38.44	37.32	35.78
53.84	-243	811.5	43.44	41.56	40.43	38.65	37.39	36.02
52.88	-255	812.6	42.35	41.68	40.57	38.73	37.56	36.05
51.75	-255	813.6	41.29	41.74	40.57	38.77	37.69	36.18
50.68	-255	814.7	40.27	41.58	40.56	38.79	37.68	36.18
49.44	-255	815.8	39.32	41.44	40.57	38.87	37.67	36.16
48.19	-255	816.8	38.43	41.39	40.32	38.88	37.81	36.31
47.03	-255	817.9	37.63	41.26	40.3	38.85	37.85	36.4
45.9	-255	819	36.92	41.04	40.1	38.83	37.92	36.45
44.75	-255	820.1	36.31	40.78	39.96	38.81	37.93	36.5
43.68	-255	821.1	35.81	40.61	39.84	38.67	37.88	36.53
42.62	-255	822.2	35.43	40.32	39.68	38.65	37.87	36.51
41.48	-255	823.3	35.16	40.08	39.47	38.52	37.91	36.63
40.5	-255	824.3	35.02	39.78	39.22	38.48	37.85	36.58
39.51	-255	825.4	35.01	39.48	39.04	38.35	37.79	36.62
38.49	-255	826.5	35.12	39.23	38.82	38.13	37.78	36.56
37.55	-237	827.6	35.35	38.88	38.59	37.98	37.69	36.51
36.57	-196	828.6	35.71	38.62	38.29	37.9	37.55	36.55
35.79	-154	829.7	36.18	38.32	38.05	37.69	37.49	36.45
34.95	-104	830.8	36.77	37.99	37.78	37.53	37.4	36.43
34.17	-49	831.8	37.45	37.65	37.54	37.35	37.26	36.33
33.63	2	832.9	38.23	37.35	37.26	37.1	37.11	36.26
33.23	29	834	39.1	37.05	37	36.94	37.01	36.2
32.93	57	835	40.03	36.73	36.77	36.76	36.86	36.08
32.78	85	836.1	41.03	36.45	36.53	36.54	36.73	36.01
32.86	110	837.2	42.08	36.23	36.3	36.36	36.58	35.9
33.09	136	838.2	43.17	35.98	36.13	36.18	36.45	35.78
33.47	159	839.3	44.28	35.79	35.93	36.02	36.28	35.7
34.1	180	840.4	45.39	35.64	35.8	35.87	36.17	35.6
34.96	197	841.4	46.51	35.56	35.68	35.76	36.05	35.51
35.83	214	842.5	47.6	35.5	35.62	35.62	35.92	35.41
36.89	227	843.6	48.66	35.5	35.57	35.52	35.81	35.34
38.13	236	844.7	49.68	35.56	35.58	35.47	35.73	35.26
39.34	245	845.7	50.64	35.63	35.63	35.41	35.65	35.16
40.73	249	846.8	51.52	35.79	35.66	35.4	35.61	35.11
42.21	249	847.9	52.33	35.95	35.76	35.41	35.54	35.06
43.55	250	848.9	53.04	36.14	35.94	35.44	35.5	35.01
