53.16	37	330.4	51.99	43.82	42.74	41.15	40.04	38.54
53.03	35	331.5	51.79	43.78	42.72	41.16	40.08	38.54
52.81	34	332.6	51.58	43.75	42.69	41.14	40.1	38.58
52.59	32	333.6	51.37	43.71	42.65	41.18	40.12	38.6
52.35	31	334.7	51.15	43.68	42.61	41.15	40.09	38.61
52.18	29	335.8	50.93	43.63	42.58	41.14	40.09	38.62
51.89	29	336.8	50.7	43.56	42.56	41.08	40.1	38.65
51.66	27	337.9	50.47	43.5	42.51	41.1	40.12	38.65
51.47	25	339	50.23	43.44	42.46	41.07	40.13	38.69
51.21	24	340	49.99	43.38	42.45	41.08	40.17	38.71
51	22	341.1	49.74	43.29	42.44	41.1	40.18	38.75
50.72	21	342.2	49.5	43.26	42.42	41.11	40.19	38.78
50.49	20	343.3	49.24	43.21	42.4	41.08	40.2	38.8
50.29	17	344.3	48.99	43.16	42.35	41.04	40.17	38.81
50	17	345.4	48.73	43.12	42.32	41.06	40.17	38.81
49.74	15	346.5	48.47	43.06	42.26	40.99	40.17	38.8
49.38	15	347.5	48.21	42.96	42.23	40.95	40.17	38.81
49.19	13	348.6	47.94	42.91	42.19	40.98	40.19	38.83
48.9	12	349.7	47.67	42.86	42.14	40.94	40.16	38.82
48.58	11	350.7	47.4	42.8	42.03	40.89	40.14	38.82
48.24	11	351.8	47.13	42.73	41.97	40.85	40.12	38.83
47.97	10	352.9	46.85	42.66	41.89	40.79	40.09	38.81
47.75	8	354	46.58	42.54	41.8	40.72	40.05	38.83
47.46	6	355	46.3	42.47	41.73	40.71	40.04	38.81
47.17	6	356.1	46.02	42.37	41.65	40.63	40.04	38.81
46.9	4	357.2	45.74	42.28	41.62	40.65	40.03	38.82
46.57	4	358.2	45.46	42.15	41.52	40.56	39.98	38.78
46.27	3	359.3	45.18	42.08	41.46	40.52	39.95	38.77
45.94	2	360.4	44.9	41.98	41.35	40.46	39.89	38.76
45.7	1	361.4	44.62	41.86	41.29	40.4	39.85	38.72
45.35	1	362.5	44.35	41.76	41.21	40.34	39.82	38.7
45.08	-1	363.6	44.07	41.66	41.13	40.26	39.77	38.67
44.7	0	364.6	43.79	41.54	41.02	40.21	39.72	38.63
44.44	-2	365.7	43.51	41.43	40.95	40.11	39.67	38.59
44.08	-2	366.8	43.23	41.3	40.85	40.03	39.6	38.55
43.84	-5	367.8	42.96	41.19	40.71	39.95	39.55	38.5
43.48	-4	368.9	42.69	41.06	40.6	39.86	39.49	38.47
43.23	-6	370	42.41	40.93	40.5	39.78	39.42	38.42
42.91	-6	371.1	42.15	40.81	40.37	39.7	39.36	38.37
42.59	-6	372.1	41.88	40.67	40.25	39.61	39.28	38.3
42.32	-7	373.2	41.61	40.53	40.13	39.5	39.21	38.25
41.99	-7	374.3	41.35	40.38	40.01	39.44	39.13	38.2
41.83	-11	375.3	41.09	40.24	39.9	39.34	39.08	38.14
41.44	-8	376.4	40.84	40.09	39.81	39.26	39.02	38.11
41.14	-8	377.5	40.58	39.96	39.71	39.19	38.96	38.05
40.91	-10	378.5	40.33	39.84	39.62	39.1	38.91	38
40.68	-12	379.6	40.09	39.7	39.5	39.01	38.81	37.94
40.39	-12	380.7	39.85	39.56	39.37	38.92	38.73	37.9
40.19	-14	381.7	39.61	39.42	39.23	38.8	38.66	37.82
39.91	-14	382.8	39.38	39.29	39.13	38.69	38.56	37.76
39.62	-13	383.9	39.15	39.17	38.99	38.61	38.49	37.7
39.36	-13	385	38.92	39.01	38.88	38.5	38.44	37.65
39.18	-15	386	38.7	38.87	38.75	38.41	38.35	37.59
38.9	-14	387.1	38.49	38.73	38.64	38.31	38.27	37.52
38.67	-14	388.2	38.28	38.59	38.5	38.21	38.17	37.45
38.46	-15	389.2	38.07	38.42	38.37	38.12	38.08	37.38
38.21	-14	390.3	37.87	38.29	38.27	38.02	38	37.31
37.95	-12	391.4	37.68	38.14	38.15	37.9	37.92	37.26
37.76	-13	392.5	37.49	37.98	38.03	37.79	37.83	37.18
37.57	-13	393.5	37.31	37.85	37.9	37.69	37.75	37.12
37.31	-11	394.6	37.13	37.72	37.79	37.59	37.68	37.06
37.18	-13	395.7	36.96	37.58	37.68	37.51	37.61	37
36.91	-9	396.7	36.8	37.45	37.58	37.42	37.52	36.94
36.7	-8	397.8	36.64	37.3	37.46	37.32	37.45	36.86
36.5	-6	398.9	36.49	37.19	37.36	37.21	37.38	36.8
36.35	-6	399.9	36.35	37.06	37.26	37.11	37.31	36.76
36.15	-4	401	36.21	36.96	37.16	37.05	37.23	36.68
35.92	-0	402.1	36.08	36.84	37.05	36.91	37.16	36.62
35.87	-2	403.1	35.96	36.73	36.97	36.87	37.09	36.57
35.65	1	404.2	35.84	36.62	36.84	36.77	37.02	36.53
35.52	1	405.3	35.73	36.52	36.77	36.68	36.95	36.44
35.39	2	406.4	35.63	36.39	36.66	36.61	36.86	36.38
35.21	4	407.4	35.54	36.29	36.53	36.48	36.77	36.3
35.07	5	408.5	35.45	36.19	36.42	36.39	36.68	36.22
35	5	409.6	35.37	36.08	36.34	36.3	36.58	36.17
34.89	6	410.6	35.3	35.96	36.21	36.23	36.53	36.09
34.76	8	411.7	35.24	35.86	36.1	36.12	36.42	36
34.73	8	412.8	35.18	35.75	36.05	36.02	36.34	35.92
34.64	9	413.8	35.13	35.65	35.93	35.93	36.3	35.87
34.53	11	414.9	35.09	35.57	35.85	35.85	36.19	35.79
34.43	13	416	35.06	35.46	35.76	35.75	36.1	35.72
34.37	14	417	35.03	35.37	35.66	35.68	36.04	35.64
34.35	15	418.1	35.01	35.27	35.56	35.6	35.94	35.57
34.3	16	419.2	35	35.18	35.49	35.51	35.89	35.52
34.28	17	420.2	35	35.08	35.41	35.43	35.81	35.45
34.23	19	421.3	35.01	35	35.35	35.36	35.77	35.4
34.27	19	422.4	35.02	34.94	35.26	35.31	35.69	35.34
34.31	20	423.4	35.04	34.87	35.22	35.25	35.62	35.28
34.25	22	424.5	35.07	34.8	35.16	35.18	35.57	35.22
34.31	23	425.6	35.11	34.76	35.09	35.11	35.51	35.15
34.28	25	426.6	35.15	34.69	35.03	35.03	35.41	35.09
34.39	25	427.7	35.2	34.64	34.95	34.97	35.36	35.01
34.31	28	428.8	35.26	34.58	34.9	34.9	35.29	34.95
34.4	29	429.8	35.33	34.51	34.85	34.84	35.23	34.89
34.46	30	430.9	35.4	34.47	34.82	34.78	35.19	34.85
34.56	31	432	35.49	34.46	34.75	34.76	35.12	34.8
34.63	32	433	35.58	34.4	34.74	34.68	35.09	34.75
34.69	34	434.1	35.67	34.4	34.68	34.67	35.02	34.7
34.76	36	435.2	35.78	34.35	34.66	34.6	34.99	34.65
34.88	37	436.2	35.89	34.32	34.63	34.57	34.94	34.6
34.99	38	437.3	36.01	34.31	34.61	34.56	34.89	34.56
35.09	39	438.4	36.14	34.31	34.58	34.51	34.85	34.51
35.2	41	439.5	36.27	34.3	34.55	34.49	34.82	34.48
35.36	42	440.5	36.41	34.31	34.55	34.48	34.78	34.47
35.47	43	441.6	36.55	34.3	34.56	34.42	34.75	34.42
35.62	45	442.7	36.71	34.31	34.54	34.39	34.73	34.39
35.75	46	443.7	36.87	34.3	34.53	34.39	34.7	34.34
35.9	48	444.8	37.03	34.33	34.52	34.37	34.68	34.32
36.07	49	445.9	37.21	34.34	34.54	34.37	34.64	34.3
36.24	51	446.9	37.38	34.35	34.53	34.31	34.64	34.28
36.43	52	448	37.57	34.39	34.54	34.31	34.6	34.25
36.58	54	449.1	37.76	34.41	34.55	34.31	34.58	34.19
36.82	54	450.1	37.95	34.43	34.57	34.31	34.56	34.22
36.96	57	451.2	38.16	34.47	34.58	34.33	34.58	34.16
37.18	58	452.3	38.36	34.51	34.59	34.32	34.52	34.15
37.36	59	453.3	38.57	34.53	34.61	34.29	34.51	34.13
37.69	59	454.4	38.79	34.57	34.64	34.29	34.5	34.1
37.76	63	455.5	39.01	34.61	34.66	34.3	34.47	34.09
38.02	64	456.5	39.24	34.67	34.68	34.3	34.45	34.03
38.32	64	457.6	39.47	34.7	34.7	34.3	34.44	34.03
38.5	66	458.7	39.7	34.75	34.72	34.33	34.46	34.03
38.64	69	459.8	39.94	34.79	34.74	34.34	34.46	34.02
39.02	68	460.8	40.19	34.87	34.78	34.37	34.49	33.98
39.16	71	461.9	40.43	34.92	34.86	34.36	34.47	34.01
39.45	72	463	40.68	34.95	34.89	34.43	34.49	33.97
39.72	73	464	40.94	35.05	34.95	34.41	34.47	33.98
39.96	75	465.1	41.2	35.13	34.99	34.46	34.49	33.97
40.33	74	466.2	41.46	35.17	35.03	34.49	34.48	33.95
40.53	76	467.2	41.72	35.23	35.09	34.5	34.49	33.95
40.78	78	468.3	41.98	35.3	35.1	34.56	34.5	33.94
41.08	79	469.4	42.25	35.37	35.17	34.58	34.53	33.94
41.41	79	470.4	42.52	35.47	35.25	34.59	34.55	33.97
41.63	81	471.5	42.79	35.52	35.28	34.67	34.58	33.97
41.92	82	472.6	43.07	35.61	35.41	34.72	34.6	33.98
42.21	83	473.6	43.34	35.68	35.46	34.75	34.6	33.99
42.53	84	474.7	43.62	35.81	35.54	34.78	34.64	34
42.84	84	475.8	43.9	35.91	35.61	34.86	34.7	34.03
43.12	85	476.8	44.18	35.99	35.68	34.91	34.71	34.07
43.39	87	477.9	44.45	36.1	35.78	35.01	34.79	34.09
43.64	88	479	44.73	36.19	35.85	35.05	34.82	34.11
43.97	89	480.1	45.01	36.3	35.98	35.1	34.85	34.15
44.24	90	481.1	45.29	36.44	36.08	35.17	34.89	34.16
44.48	92	482.2	45.57	36.56	36.15	35.25	34.94	34.18
44.78	93	483.3	45.85	36.65	36.24	35.29	35	34.24
45.13	93	484.3	46.13	36.78	36.34	35.36	35.04	34.25
45.44	93	485.4	46.41	36.89	36.41	35.46	35.1	34.31
45.69	95	486.5	46.68	37.02	36.53	35.53	35.19	34.34
46.08	94	487.5	46.96	37.13	36.64	35.63	35.26	34.42
46.35	95	488.6	47.23	37.25	36.77	35.7	35.3	34.44
46.64	95	489.7	47.5	37.41	36.87	35.77	35.39	34.49
46.91	96	490.7	47.77	37.53	36.95	35.86	35.39	34.52
47.23	97	491.8	48.04	37.67	37.07	35.94	35.47	34.56
47.49	97	492.9	48.31	37.81	37.19	36.03	35.55	34.61
47.81	97	493.9	48.57	37.94	37.31	36.1	35.6	34.65
48.06	98	495	48.83	38.08	37.41	36.16	35.64	34.68
48.38	98	496.1	49.09	38.2	37.51	36.25	35.7	34.74
48.65	99	497.1	49.34	38.34	37.57	36.34	35.75	34.77
48.96	98	498.2	49.59	38.44	37.67	36.44	35.82	34.8
49.14	100	499.3	49.84	38.53	37.8	36.49	35.9	34.87
49.54	98	500.4	50.08	38.69	37.91	36.59	35.95	34.92
49.75	99	501.4	50.32	38.81	38.03	36.71	36.03	34.98
50	100	502.5	50.55	38.96	38.14	36.8	36.12	35.03
50.24	100	503.6	50.78	39.09	38.25	36.88	36.18	35.09
50.53	100	504.6	51.01	39.2	38.36	36.98	36.26	35.15
50.71	101	505.7	51.23	39.35	38.49	37.07	36.34	35.22
50.97	101	506.8	51.45	39.5	38.6	37.16	36.42	35.24
51.2	101	507.8	51.66	39.62	38.74	37.26	36.48	35.3
51.44	101	508.9	51.87	39.75	38.84	37.35	36.56	35.37
51.71	100	510	52.07	39.88	38.95	37.46	36.65	35.46
51.92	100	511	52.26	40.01	39.07	37.54	36.74	35.53
52.18	100	512.1	52.45	40.15	39.18	37.65	36.81	35.59
52.39	99	513.2	52.64	40.3	39.3	37.75	36.89	35.66
52.57	100	514.3	52.81	40.41	39.43	37.86	36.99	35.74
52.84	98	515.3	52.99	40.56	39.53	37.97	37.05	35.81
53.01	98	516.4	53.15	40.68	39.62	38.08	37.15	35.86
53.28	96	517.5	53.31	40.8	39.78	38.17	37.23	35.96
53.44	96	518.5	53.46	40.95	39.91	38.29	37.35	36
53.66	95	519.6	53.61	41.09	40.02	38.39	37.44	36.12
53.8	95	520.7	53.75	41.2	40.15	38.51	37.52	36.2
53.98	94	521.7	53.88	41.35	40.25	38.61	37.62	36.26
54.14	93	522.8	54	41.49	40.37	38.69	37.7	36.32
54.31	92	523.9	54.12	41.6	40.49	38.79	37.79	36.4
54.42	92	524.9	54.23	41.72	40.6	38.89	37.86	36.48
54.56	91	526	54.34	41.87	40.7	39	37.96	36.55
54.72	90	527.1	54.43	41.98	40.84	39.1	38.06	36.64
54.86	89	528.2	54.52	42.1	40.92	39.19	38.13	36.71
54.97	88	529.2	54.6	42.2	41.04	39.3	38.23	36.78
54.99	89	530.3	54.68	42.31	41.11	39.36	38.29	36.86
55.16	86	531.4	54.75	42.43	41.21	39.46	38.37	36.9
55.25	85	532.4	54.8	42.51	41.29	39.51	38.41	36.96
55.3	85	533.5	54.86	42.6	41.38	39.6	38.48	37.03
55.43	83	534.6	54.9	42.7	41.48	39.68	38.57	37.09
55.49	82	535.6	54.94	42.79	41.57	39.75	38.65	37.12
55.54	81	536.7	54.96	42.87	41.62	39.82	38.69	37.18
55.55	80	537.8	54.98	42.96	41.72	39.92	38.76	37.24
55.59	79	538.9	55	43.03	41.78	39.98	38.82	37.31
55.65	78	539.9	55	43.11	41.84	40.05	38.9	37.36
55.66	77	541	55	43.17	41.94	40.13	38.96	37.44
55.73	75	542.1	54.99	43.27	42	40.19	39.04	37.5
55.71	74	543.1	54.97	43.31	42.04	40.24	39.08	37.57
55.76	72	544.2	54.94	43.35	42.1	40.3	39.12	37.62
55.81	69	545.3	54.9	43.45	42.14	40.34	39.19	37.64
55.63	71	546.3	54.86	43.47	42.2	40.37	39.24	37.71
55.7	68	547.4	54.81	43.49	42.26	40.47	39.29	37.78
55.69	66	548.5	54.75	43.55	42.3	40.52	39.32	37.8
55.57	66	549.5	54.69	43.58	42.33	40.58	39.37	37.87
55.59	63	550.6	54.62	43.6	42.43	40.62	39.43	37.91
55.5	63	551.7	54.54	43.69	42.46	40.71	39.51	37.95
55.41	62	552.8	54.45	43.68	42.52	40.74	39.55	38.02
55.32	60	553.8	54.35	43.74	42.58	40.82	39.63	38.06
55.31	58	554.9	54.25	43.79	42.63	40.84	39.66	38.11
55.17	57	556	54.14	43.82	42.67	40.92	39.75	38.19
55.1	55	557	54.02	43.85	42.7	40.96	39.79	38.23
54.97	54	558.1	53.9	43.87	42.76	41.02	39.88	38.29
54.89	52	559.2	53.77	43.95	42.74	41.11	39.92	38.38
54.91	48	560.2	53.63	43.98	42.82	41.13	39.98	38.37
54.6	49	561.3	53.48	43.97	42.83	41.14	39.98	38.43
54.59	46	562.4	53.33	43.97	42.84	41.18	40.02	38.49
54.38	45	563.5	53.17	44.04	42.86	41.2	40.04	38.51
54.2	44	564.5	53.01	44.04	42.86	41.19	40.06	38.54
54.04	43	565.6	52.84	43.99	42.85	41.17	40.07	38.53
53.9	41	566.7	52.66	43.97	42.85	41.19	40.11	38.58
53.72	39	567.7	52.48	43.95	42.8	41.19	40.1	38.58
53.45	39	568.8	52.29	43.93	42.82	41.21	40.13	38.6
53.29	37	569.9	52.09	43.91	42.8	41.19	40.13	38.63
53.1	36	570.9	51.89	43.84	42.79	41.21	40.16	38.65
52.94	34	572	51.69	43.82	42.75	41.23	40.17	38.68
52.77	32	573.1	51.48	43.78	42.74	41.22	40.18	38.69
52.51	31	574.2	51.26	43.72	42.71	41.24	40.19	38.7
52.27	30	575.2	51.04	43.68	42.66	41.22	40.19	38.71
52.11	27	576.3	50.82	43.63	42.64	41.2	40.21	38.74
51.9	26	577.4	50.59	43.57	42.62	41.19	40.2	38.76
51.64	25	578.4	50.35	43.51	42.58	41.18	40.22	38.77
51.36	24	579.5	50.11	43.46	42.54	41.17	40.23	38.79
51.12	23	580.6	49.87	43.38	42.51	41.14	40.25	38.81
50.82	22	581.6	49.62	43.35	42.5	41.14	40.24	38.81
50.56	21	582.7	49.37	43.27	42.45	41.14	40.23	38.84
50.34	19	583.8	49.12	43.2	42.44	41.12	40.27	38.86
50.11	17	584.8	48.86	43.16	42.39	41.14	40.26	38.88
49.83	16	585.9	48.6	43.1	42.36	41.11	40.28	38.91
49.59	15	587	48.34	43.03	42.32	41.09	40.29	38.92
49.28	14	588.1	48.08	42.98	42.28	41.05	40.27	38.91
48.98	13	589.1	47.81	42.92	42.18	41	40.24	38.91
48.76	11	590.2	47.54	42.86	42.16	40.99	40.24	38.91
48.46	10	591.3	47.27	42.78	42.07	40.92	40.19	38.91
48.06	11	592.3	46.99	42.7	41.99	40.85	40.15	38.89
47.91	8	593.4	46.72	42.62	41.9	40.81	40.1	38.85
47.52	8	594.5	46.44	42.5	41.79	40.71	40.08	38.85
47.26	7	595.5	46.17	42.39	41.75	40.69	40	38.8
46.97	6	596.6	45.89	42.27	41.59	40.63	40	38.74
46.71	4	597.7	45.61	42.18	41.56	40.59	39.94	38.77
46.36	4	598.7	45.33	42	41.43	40.5	39.88	38.74
46.05	4	599.8	45.05	41.93	41.37	40.47	39.89	38.71
45.76	3	600.9	44.77	41.8	41.29	40.42	39.8	38.66
45.47	2	602	44.49	41.69	41.21	40.35	39.81	38.67
45.14	2	603	44.21	41.57	41.11	40.26	39.74	38.63
44.85	1	604.1	43.93	41.46	41.02	40.19	39.71	38.57
44.64	-2	605.2	43.65	41.34	40.92	40.12	39.65	38.56
44.26	-1	606.2	43.38	41.2	40.81	40.03	39.58	38.53
43.97	-2	607.3	43.1	41.08	40.68	39.94	39.52	38.48
43.69	-4	608.4	42.83	40.97	40.6	39.84	39.49	38.45
43.36	-4	609.4	42.55	40.81	40.5	39.78	39.41	38.39
43.05	-5	610.5	42.28	40.71	40.39	39.72	39.34	38.35
42.8	-7	611.6	42.02	40.56	40.26	39.62	39.3	38.29
42.49	-7	612.6	41.75	40.43	40.17	39.56	39.22	38.26
42.18	-7	613.7	41.49	40.29	40.07	39.47	39.17	38.23
41.92	-9	614.8	41.23	40.17	39.95	39.4	39.14	38.19
41.66	-10	615.8	40.97	40.04	39.87	39.31	39.08	38.14
41.42	-12	616.9	40.71	39.92	39.76	39.22	39.01	38.1
41.05	-10	618	40.46	39.79	39.65	39.12	38.92	38.07
40.89	-14	619.1	40.21	39.64	39.52	39.05	38.87	37.99
40.59	-14	620.1	39.97	39.56	39.42	38.93	38.82	37.93
40.3	-13	621.2	39.73	39.43	39.33	38.87	38.74	37.92
40.07	-15	622.3	39.49	39.29	39.23	38.79	38.68	37.86
39.79	-14	623.3	39.26	39.18	39.13	38.72	38.63	37.83
39.49	-13	624.4	39.04	39.05	39.02	38.64	38.58	37.78
39.28	-15	625.5	38.81	38.93	38.89	38.56	38.51	37.75
39.04	-15	626.5	38.6	38.83	38.78	38.47	38.44	37.7
38.79	-14	627.6	38.38	38.71	38.67	38.38	38.38	37.67
38.54	-14	628.7	38.18	38.59	38.57	38.28	38.32	37.62
38.32	-14	629.8	37.97	38.45	38.47	38.19	38.25	37.59
38.1	-14	630.8	37.78	38.33	38.35	38.09	38.18	37.53
37.93	-15	631.9	37.59	38.23	38.25	38.01	38.12	37.49
37.64	-13	633	37.4	38.11	38.14	37.92	38.04	37.43
37.4	-11	634	37.22	37.98	38.03	37.83	37.95	37.35
37.24	-12	635.1	37.05	37.87	37.93	37.75	37.88	37.29
37	-10	636.2	36.88	37.75	37.81	37.64	37.78	37.2
36.82	-9	637.3	36.72	37.63	37.7	37.56	37.69	37.13
36.62	-8	638.3	36.57	37.51	37.58	37.45	37.62	37.08
36.5	-9	639.4	36.42	37.39	37.46	37.33	37.53	36.99
36.25	-5	640.5	36.28	37.26	37.35	37.24	37.45	36.91
36.06	-3	641.5	36.15	37.15	37.23	37.13	37.35	36.83
35.91	-2	642.6	36.02	37.02	37.14	37.02	37.27	36.78
35.82	-3	643.7	35.9	36.88	37.03	36.95	37.15	36.67
35.68	-2	644.7	35.79	36.78	36.89	36.87	37.09	36.61
35.43	2	645.8	35.68	36.67	36.81	36.78	37.01	36.53
35.26	3	646.9	35.58	36.55	36.68	36.66	36.95	36.5
35.19	3	647.9	35.49	36.45	36.66	36.63	36.92	36.46
35.03	5	649	35.41	36.33	36.53	36.53	36.84	36.4
34.92	6	650.1	35.34	36.22	36.44	36.42	36.75	36.31
34.77	8	651.1	35.27	36.13	36.33	36.33	36.63	36.24
34.68	9	652.2	35.21	36.03	36.23	36.24	36.59	36.16
34.6	10	653.3	35.15	35.91	36.15	36.14	36.48	36.08
34.57	10	654.3	35.11	35.82	36.06	36.05	36.4	36.02
34.42	13	655.4	35.07	35.72	35.95	35.93	36.33	35.96
34.41	13	656.5	35.04	35.66	35.85	35.87	36.25	35.88
34.41	13	657.5	35.02	35.55	35.78	35.8	36.15	35.8
34.42	14	658.6	35.01	35.46	35.72	35.73	36.08	35.74
34.3	16	659.7	35	35.39	35.62	35.65	35.99	35.65
34.28	17	660.7	35	35.3	35.55	35.55	35.92	35.6
34.25	19	661.8	35.01	35.22	35.48	35.51	35.85	35.53
34.26	20	662.9	35.03	35.14	35.4	35.42	35.78	35.47
34.27	21	664	35.05	35.07	35.32	35.34	35.72	35.39
34.29	22	665	35.09	35	35.25	35.26	35.66	35.34
34.29	24	666.1	35.13	34.92	35.19	35.19	35.6	35.29
34.31	25	667.2	35.17	34.86	35.12	35.16	35.55	35.24
34.36	26	668.2	35.23	34.8	35.1	35.11	35.49	35.19
34.43	27	669.3	35.29	34.77	35.02	35.04	35.44	35.14
34.46	29	670.4	35.37	34.7	35	35	35.4	35.11
34.51	30	671.4	35.44	34.67	34.96	34.95	35.37	35.04
34.58	31	672.5	35.53	34.63	34.93	34.89	35.29	34.99
34.64	33	673.6	35.62	34.61	34.88	34.85	35.24	34.94
34.74	34	674.6	35.72	34.59	34.85	34.8	35.19	34.89
34.84	35	675.7	35.83	34.55	34.79	34.74	35.14	34.83
34.95	37	676.8	35.95	34.52	34.76	34.68	35.06	34.76
35.04	38	677.8	36.07	34.5	34.72	34.62	35.01	34.72
35.17	39	678.9	36.2	34.48	34.67	34.61	34.97	34.65
35.27	41	680	36.34	34.46	34.65	34.55	34.92	34.61
35.35	43	681	36.48	34.44	34.63	34.54	34.87	34.57
35.47	45	682.1	36.63	34.43	34.62	34.52	34.84	34.53
35.64	46	683.2	36.79	34.41	34.6	34.48	34.81	34.48
35.81	47	684.2	36.95	34.42	34.6	34.45	34.77	34.44
35.95	49	685.3	37.12	34.41	34.59	34.4	34.74	34.4
36.12	50	686.4	37.29	34.43	34.58	34.4	34.7	34.37
36.27	52	687.5	37.47	34.42	34.57	34.38	34.67	34.33
36.47	53	688.5	37.66	34.43	34.58	34.37	34.66	34.3
36.68	54	689.6	37.85	34.45	34.58	34.36	34.65	34.27
36.88	56	690.7	38.05	34.48	34.59	34.36	34.6	34.23
37.07	57	691.7	38.26	34.5	34.59	34.34	34.59	34.21
37.25	59	692.8	38.46	34.53	34.62	34.35	34.57	34.2
37.5	60	693.9	38.68	34.55	34.63	34.37	34.57	34.17
37.66	62	694.9	38.9	34.59	34.68	34.37	34.57	34.16
37.92	63	696	39.12	34.62	34.7	34.37	34.55	34.16
38.17	64	697.1	39.35	34.68	34.75	34.39	34.57	34.15
38.42	65	698.1	39.58	34.74	34.76	34.4	34.56	34.14
38.65	66	699.2	39.82	34.8	34.83	34.43	34.57	34.13
38.88	67	700.3	40.06	34.86	34.87	34.44	34.59	34.13
39.12	69	701.3	40.31	34.93	34.92	34.49	34.59	34.13
39.34	71	702.4	40.56	35.01	34.96	34.5	34.58	34.12
39.62	72	703.5	40.81	35.08	35.01	34.53	34.61	34.13
39.86	73	704.5	41.06	35.16	35.05	34.55	34.61	34.12
40.09	75	705.6	41.32	35.22	35.1	34.58	34.63	34.11
40.38	76	706.7	41.58	35.32	35.17	34.64	34.65	34.11
40.67	77	707.8	41.85	35.39	35.23	34.66	34.67	34.13
40.92	78	708.8	42.12	35.48	35.31	34.7	34.69	34.13
41.2	80	709.9	42.38	35.57	35.37	34.75	34.67	34.16
41.42	82	711	42.65	35.66	35.43	34.79	34.73	34.17
41.81	81	712	42.93	35.78	35.5	34.81	34.76	34.17
42.12	82	713.1	43.2	35.86	35.56	34.86	34.81	34.18
42.36	83	714.2	43.48	35.94	35.66	34.94	34.84	34.2
42.76	83	715.2	43.75	36.07	35.73	34.98	34.85	34.24
42.92	86	716.3	44.03	36.12	35.83	35.05	34.88	34.25
43.24	86	717.4	44.31	36.24	35.87	35.12	34.95	34.25
43.57	86	718.4	44.59	36.33	35.97	35.16	35	34.27
43.88	87	719.5	44.87	36.46	36.06	35.22	35.01	34.29
44.07	90	720.6	45.15	36.56	36.13	35.3	35.07	34.34
44.36	91	721.6	45.43	36.65	36.25	35.35	35.09	34.38
44.67	91	722.7	45.71	36.78	36.33	35.41	35.16	34.39
45.03	91	723.8	45.99	36.92	36.42	35.5	35.18	34.41
45.3	92	724.8	46.27	37.01	36.51	35.56	35.24	34.46
45.61	93	725.9	46.54	37.14	36.64	35.65	35.3	34.49
45.88	94	727	46.82	37.27	36.73	35.73	35.36	34.52
46.12	96	728.1	47.09	37.38	36.82	35.77	35.4	34.56
46.48	95	729.1	47.37	37.5	36.94	35.87	35.46	34.61
46.8	95	730.2	47.64	37.64	37.03	35.94	35.52	34.6
47.1	96	731.3	47.91	37.72	37.14	35.98	35.52	34.65
47.37	96	732.3	48.17	37.87	37.21	36.07	35.56	34.7
47.62	97	733.4	48.44	37.97	37.32	36.15	35.64	34.71
47.96	97	734.5	48.7	38.11	37.42	36.19	35.69	34.74
48.18	99	735.5	48.96	38.17	37.52	36.28	35.74	34.79
48.47	99	736.6	49.21	38.33	37.56	36.33	35.79	34.83
48.78	99	737.7	49.46	38.43	37.68	36.45	35.85	34.9
48.95	101	738.7	49.71	38.56	37.8	36.53	35.95	34.94
49.28	100	739.8	49.96	38.67	37.9	36.64	36.01	35.01
49.57	100	740.9	50.2	38.81	38.02	36.72	36.1	35.05
49.78	101	741.9	50.43	38.92	38.11	36.81	36.15	35.1
50.12	100	743	50.67	39.05	38.25	36.92	36.25	35.19
50.4	100	744.1	50.9	39.2	38.37	37.02	36.33	35.23
50.6	101	745.2	51.12	39.33	38.5	37.11	36.39	35.29
50.85	101	746.2	51.34	39.44	38.6	37.19	36.45	35.35
51.12	100	747.3	51.55	39.57	38.71	37.26	36.51	35.37
51.34	101	748.4	51.76	39.72	38.8	37.36	36.56	35.42
51.6	100	749.4	51.97	39.81	38.94	37.42	36.65	35.5
51.83	100	750.5	52.16	39.93	39.03	37.55	36.71	35.55
52.13	98	751.6	52.36	40.08	39.15	37.65	36.8	35.63
52.27	100	752.6	52.54	40.19	39.26	37.73	36.88	35.68
52.56	98	753.7	52.72	40.31	39.38	37.82	36.97	35.75
52.77	98	754.8	52.9	40.42	39.49	37.92	37.05	35.8
52.97	97	755.8	53.07	40.57	39.59	38.03	37.12	35.87
53.12	97	756.9	53.23	40.69	39.72	38.13	37.2	35.94
53.32	97	758	53.38	40.81	39.85	38.25	37.3	36
53.57	95	759.1	53.53	40.94	39.97	38.34	37.38	36.09
53.78	94	760.1	53.68	41.09	40.07	38.43	37.47	36.14
53.83	95	761.2	53.81	41.19	40.19	38.53	37.55	36.23
54	95	762.3	53.94	41.32	40.34	38.63	37.67	36.31
54.17	94	763.3	54.06	41.46	40.43	38.75	37.76	36.37
54.31	93	764.4	54.18	41.59	40.55	38.83	37.86	36.45
54.43	93	765.5	54.29	41.69	40.67	38.93	37.93	36.54
54.59	92	766.5	54.39	41.88	40.76	39	38	36.61
54.7	91	767.6	54.48	41.99	40.85	39.06	38.06	36.64
54.89	89	768.7	54.56	42.06	40.91	39.16	38.11	36.71
54.99	88	769.8	54.64	42.17	41.01	39.25	38.17	36.78
55.12	87	770.8	54.71	42.29	41.08	39.34	38.26	36.81
55.23	86	771.9	54.78	42.38	41.2	39.45	38.31	36.88
55.26	86	773	54.83	42.42	41.27	39.5	38.39	36.93
55.42	83	774	54.88	42.51	41.32	39.6	38.47	37.02
55.42	83	775.1	54.92	42.66	41.48	39.7	38.56	37.1
55.47	82	776.2	54.95	42.71	41.54	39.76	38.67	37.16
55.54	81	777.2	54.97	42.83	41.67	39.89	38.74	37.23
55.63	79	778.3	54.99	42.93	41.74	39.97	38.83	37.3
55.67	78	779.4	55	43.01	41.85	40.06	38.89	37.39
55.66	77	780.4	55	43.09	41.9	40.12	39	37.47
55.7	76	781.5	54.99	43.19	41.98	40.22	39.08	37.54
55.7	75	782.6	54.98	43.27	42.09	40.32	39.15	37.61
55.7	73	783.7	54.95	43.36	42.18	40.38	39.21	37.67
55.75	71	784.7	54.92	43.45	42.26	40.46	39.27	37.72
55.72	70	785.8	54.89	43.52	42.3	40.48	39.32	37.77
55.73	68	786.9	54.84	43.57	42.33	40.53	39.36	37.84
55.7	67	787.9	54.78	43.63	42.37	40.6	39.41	37.87
55.69	65	789	54.72	43.66	42.42	40.65	39.47	37.94
55.6	64	790.1	54.65	43.71	42.49	40.72	39.54	38
55.56	63	791.1	54.58	43.75	42.55	40.79	39.61	38.06
55.45	62	792.2	54.49	43.82	42.63	40.84	39.69	38.11
55.4	60	793.3	54.4	43.84	42.66	40.9	39.73	38.16
55.33	59	794.4	54.3	43.87	42.7	40.93	39.78	38.21
55.22	58	795.4	54.2	43.91	42.74	40.99	39.8	38.25
55.19	55	796.5	54.08	43.95	42.74	41	39.87	38.31
55.14	53	797.6	53.96	43.95	42.78	41.06	39.9	38.34
54.92	53	798.6	53.83	43.99	42.81	41.1	39.95	38.39
54.85	51	799.7	53.7	44.02	42.84	41.14	40.01	38.44
54.67	50	800.8	53.56	44.01	42.87	41.17	40.05	38.49
54.56	48	801.8	53.41	44.01	42.87	41.18	40.05	38.52
54.38	47	802.9	53.25	44	42.85	41.19	40.05	38.55
54.3	45	804	53.09	44	42.83	41.2	40.1	38.57
54.12	43	805	52.93	43.98	42.85	41.2	40.12	38.61
53.99	41	806.1	52.75	43.97	42.84	41.22	40.14	38.63
53.84	40	807.2	52.57	43.93	42.83	41.23	40.17	38.65
53.62	39	808.3	52.39	43.9	42.84	41.25	40.18	38.69
53.35	39	809.3	52.19	43.86	42.83	41.27	40.2	38.74
53.12	38	810.4	52	43.83	42.84	41.24	40.22	38.73
52.98	36	811.5	51.79	43.79	42.79	41.23	40.24	38.73
52.79	34	812.5	51.59	43.77	42.77	41.24	40.24	38.78
52.58	33	813.6	51.37	43.71	42.77	41.24	40.24	38.78
52.43	30	814.7	51.15	43.66	42.74	41.24	40.26	38.8
52.16	30	815.7	50.93	43.62	42.68	41.24	40.25	38.8
51.96	28	816.8	50.7	43.55	42.66	41.22	40.25	38.83
51.67	27	817.9	50.47	43.53	42.64	41.22	40.29	38.86
51.44	26	819	50.24	43.48	42.65	41.24	40.31	38.89
51.17	25	820	49.99	43.42	42.62	41.24	40.33	38.91
50.98	23	821.1	49.75	43.39	42.59	41.24	40.35	38.93
50.7	22	822.2	49.5	43.34	42.56	41.21	40.34	38.93
50.5	20	823.2	49.25	43.28	42.51	41.2	40.33	38.93
50.24	19	824.3	49	43.22	42.48	41.18	40.33	38.94
49.99	17	825.4	48.74	43.17	42.45	41.17	40.34	38.97
49.72	16	826.4	48.48	43.12	42.4	41.15	40.36	39
49.47	14	827.5	48.21	43.06	42.35	41.13	40.34	39
49.22	13	828.6	47.95	42.99	42.29	41.09	40.33	38.99
48.94	11	829.6	47.68	42.93	42.23	41.06	40.29	38.98
48.64	10	830.7	47.41	42.86	42.14	40.98	40.25	38.97
48.33	10	831.8	47.13	42.77	42.05	40.94	40.22	38.95
48.08	8	832.9	46.86	42.66	41.96	40.89	40.18	38.94
47.8	7	833.9	46.58	42.56	41.9	40.83	40.14	38.91
47.47	6	835	46.31	42.45	41.78	40.79	40.12	38.89
47.15	6	836.1	46.03	42.33	41.72	40.74	40.08	38.87
46.87	4	837.1	45.75	42.24	41.64	40.69	40.05	38.85
46.52	4	838.2	45.47	42.13	41.58	40.63	40	38.82
46.26	3	839.3	45.19	42.01	41.49	40.55	39.96	38.78
45.95	2	840.3	44.91	41.9	41.37	40.48	39.91	38.75
45.62	2	841.4	44.63	41.76	41.28	40.41	39.86	38.72
45.29	2	842.5	44.35	41.64	41.17	40.33	39.81	38.7
44.98	1	843.5	44.07	41.52	41.06	40.25	39.75	38.64
44.69	1	844.6	43.8	41.4	40.96	40.18	39.71	38.61
44.4	-0	845.7	43.52	41.26	40.86	40.1	39.64	38.57
44.08	-1	846.8	43.24	41.12	40.76	40.02	39.6	38.53
43.83	-3	847.8	42.97	41	40.66	39.95	39.55	38.49
43.51	-4	848.9	42.69	40.87	40.58	39.89	39.49	38.46
43.22	-5	850	42.42	40.74	40.47	39.8	39.44	38.42
42.92	-6	851	42.15	40.62	40.37	39.72	39.38	38.37
42.67	-8	852.1	41.89	40.5	40.26	39.63	39.31	38.32
42.35	-8	853.2	41.62	40.36	40.14	39.54	39.26	38.3
42.07	-9	854.2	41.36	40.23	40.05	39.48	39.21	38.26
41.76	-9	855.3	41.1	40.12	39.94	39.39	39.17	38.23
41.47	-9	856.4	40.84	39.99	39.86	39.33	39.12	38.22
41.25	-11	857.4	40.59	39.87	39.75	39.25	39.06	38.16
40.97	-12	858.5	40.34	39.77	39.64	39.17	38.99	38.11
40.74	-14	859.6	40.1	39.63	39.52	39.05	38.9	38.04
40.46	-14	860.7	39.85	39.51	39.4	38.95	38.82	37.99
40.16	-13	861.7	39.62	39.38	39.29	38.87	38.75	37.94
39.94	-15	862.8	39.38	39.26	39.18	38.79	38.69	37.88
39.61	-13	863.9	39.15	39.12	39.08	38.71	38.62	37.84
39.37	-13	864.9	38.93	38.99	38.98	38.63	38.57	37.81
39.13	-13	866	38.71	38.88	38.89	38.53	38.49	37.74
38.91	-14	867.1	38.49	38.76	38.76	38.45	38.41	37.68
38.67	-14	868.1	38.28	38.62	38.65	38.33	38.34	37.62
38.42	-13	869.2	38.08	38.5	38.52	38.24	38.28	37.57
38.22	-14	870.3	37.88	38.38	38.43	38.15	38.2	37.51
37.96	-12	871.4	37.68	38.27	38.31	38.07	38.12	37.45
37.72	-11	872.4	37.5	38.13	38.2	37.96	38.05	37.38
37.54	-12	873.5	37.31	38.01	38.08	37.86	37.98	37.32
37.36	-12	874.6	37.14	37.88	37.95	37.76	37.88	37.26
37.17	-12	875.6	36.97	37.74	37.82	37.66	37.78	37.17
36.92	-9	876.7	36.8	37.61	37.7	37.57	37.69	37.1
36.76	-10	877.8	36.65	37.48	37.57	37.45	37.6	37.02
36.55	-8	878.8	36.49	37.35	37.44	37.34	37.51	36.94
36.35	-6	879.9	36.35	37.2	37.34	37.24	37.42	36.87
36.18	-5	881	36.21	37.08	37.23	37.16	37.34	36.8
36.01	-3	882.1	36.08	36.96	37.12	37.06	37.26	36.74
35.83	-1	883.1	35.96	36.82	37.01	36.96	37.19	36.67
35.68	0	884.2	35.84	36.7	36.91	36.85	37.1	36.59
35.52	1	885.3	35.74	36.58	36.8	36.76	37.01	36.52
35.41	2	886.3	35.63	36.46	36.69	36.66	36.92	36.44
35.24	3	887.4	35.54	36.33	36.6	36.57	36.83	36.37
35.11	4	888.5	35.45	36.22	36.49	36.46	36.77	36.32
34.99	5	889.5	35.37	36.1	36.36	36.37	36.66	36.23
34.87	7	890.6	35.3	35.99	36.27	36.29	36.59	36.17
34.76	8	891.7	35.24	35.88	36.19	36.2	36.52	36.1
34.67	9	892.7	35.18	35.79	36.08	36.11	36.44	36.03
34.58	10	893.8	35.13	35.68	36	36.03	36.37	35.97
34.49	12	894.9	35.09	35.58	35.94	35.93	36.28	35.89
34.44	13	895.9	35.06	35.49	35.84	35.87	36.22	35.84
34.36	14	897	35.03	35.42	35.78	35.81	36.17	35.78
34.35	15	898.1	35.01	35.34	35.7	35.73	36.1	35.72
34.33	16	899.1	35	35.25	35.58	35.64	36	35.63
34.31	17	900.2	35	35.19	35.52	35.56	35.93	35.57
34.29	18	901.3	35.01	35.11	35.43	35.46	35.85	35.51
34.24	20	902.3	35.02	35.02	35.37	35.41	35.79	35.45
34.24	21	903.4	35.04	34.97	35.32	35.34	35.72	35.38
34.27	22	904.5	35.07	34.89	35.27	35.27	35.66	35.33
34.3	23	905.5	35.1	34.85	35.18	35.21	35.59	35.27
34.29	25	906.6	35.15	34.79	35.13	35.14	35.53	35.2
34.33	26	907.7	35.2	34.75	35.09	35.09	35.47	35.14
34.35	27	908.7	35.26	34.69	35.04	35.01	35.42	35.1
34.45	28	909.8	35.33	34.67	34.97	35.01	35.36	35.04
34.46	30	910.9	35.4	34.61	34.96	34.93	35.34	35
34.58	30	911.9	35.48	34.58	34.93	34.86	35.27	34.93
34.64	32	913	35.57	34.55	34.84	34.8	35.23	34.89
34.74	33	914.1	35.67	34.5	34.8	34.8	35.12	34.85
34.78	35	915.1	35.78	34.51	34.72	34.77	35.07	34.8
34.92	36	916.2	35.89	34.47	34.74	34.67	35.05	34.72
34.95	38	917.3	36.01	34.41	34.7	34.61	34.99	34.68
35.11	39	918.4	36.13	34.39	34.62	34.6	34.96	34.61
35.29	39	919.4	36.27	34.41	34.63	34.57	34.9	34.58
35.41	40	920.5	36.4	34.4	34.62	34.56	34.89	34.52
35.52	42	921.6	36.55	34.38	34.59	34.52	34.84	34.48
35.55	45	922.6	36.7	34.36	34.59	34.5	34.83	34.48
35.75	46	923.7	36.86	34.4	34.6	34.44	34.75	34.43
35.9	48	924.8	37.03	34.4	34.56	34.4	34.74	34.4
36.06	49	925.8	37.2	34.37	34.57	34.39	34.71	34.36
36.21	51	926.9	37.38	34.39	34.56	34.37	34.66	34.3
36.34	53	928	37.56	34.41	34.56	34.34	34.63	34.27
36.57	54	929	37.75	34.44	34.58	34.34	34.6	34.24
36.73	55	930.1	37.95	34.45	34.56	34.33	34.59	34.23
36.95	56	931.2	38.15	34.47	34.6	34.35	34.6	34.21
37.17	58	932.2	38.36	34.5	34.64	34.37	34.6	34.22
37.35	59	933.3	38.57	34.55	34.65	34.38	34.6	34.22
37.59	60	934.4	38.78	34.59	34.7	34.41	34.63	34.22
37.81	62	935.4	39.01	34.64	34.73	34.41	34.62	34.21
38.01	63	936.5	39.23	34.68	34.75	34.41	34.6	34.2
38.22	65	937.6	39.46	34.75	34.8	34.43	34.6	34.19
38.5	66	938.7	39.7	34.8	34.82	34.42	34.59	34.16
38.69	68	939.7	39.94	34.85	34.85	34.42	34.57	34.14
38.95	69	940.8	40.18	34.92	34.89	34.44	34.56	34.11
39.16	71	941.9	40.43	34.98	34.92	34.46	34.56	34.08
39.48	71	942.9	40.68	35.04	34.96	34.47	34.57	34.09
39.66	74	944	40.93	35.1	34.98	34.5	34.56	34.08
39.98	74	945.1	41.19	35.16	35.04	34.5	34.56	34.07
40.24	76	946.1	41.45	35.23	35.06	34.54	34.57	34.06
40.49	77	947.2	41.71	35.28	35.12	34.56	34.56	34.05
40.8	78	948.3	41.98	35.36	35.18	34.6	34.59	34.05
41.11	78	949.3	42.25	35.41	35.23	34.63	34.6	34.05
41.34	80	950.4	42.51	35.5	35.29	34.67	34.63	34.05
41.65	81	951.5	42.79	35.59	35.38	34.71	34.65	34.07
41.94	82	952.5	43.06	35.67	35.44	34.77	34.67	34.06
42.24	82	953.6	43.34	35.75	35.51	34.82	34.7	34.09
42.5	84	954.7	43.61	35.83	35.59	34.86	34.73	34.11
42.78	85	955.7	43.89	35.95	35.68	34.93	34.76	34.13
43.04	87	956.8	44.17	36.05	35.76	34.97	34.81	34.14
43.35	87	957.9	44.45	36.15	35.85	35.04	34.85	34.17
43.67	88	959	44.73	36.25	35.94	35.11	34.91	34.19
43.95	89	960	45.01	36.36	36.03	35.18	34.95	34.23
44.24	90	961.1	45.29	36.49	36.12	35.24	35	34.25
44.59	90	962.2	45.57	36.59	36.21	35.3	35.03	34.28
44.78	93	963.2	45.84	36.7	36.28	35.35	35.09	34.32
45.14	92	964.3	46.12	36.82	36.38	35.44	35.13	34.35
45.36	95	965.4	46.4	36.93	36.47	35.5	35.16	34.37
45.74	94	966.4	46.68	37.04	36.57	35.58	35.21	34.4
46.08	94	967.5	46.95	37.15	36.64	35.64	35.25	34.43
46.37	94	968.6	47.23	37.27	36.76	35.7	35.31	34.46
46.64	95	969.6	47.5	37.4	36.86	35.77	35.37	34.51
46.94	96	970.7	47.77	37.54	37	35.88	35.44	34.56
47.23	96	971.8	48.03	37.67	37.1	35.99	35.51	34.59
47.48	98	972.8	48.3	37.81	37.2	36.06	35.56	34.63
47.77	98	973.9	48.56	37.92	37.29	36.13	35.62	34.68
48.11	97	975	48.82	38.07	37.39	36.21	35.66	34.72
48.33	99	976.1	49.08	38.18	37.49	36.3	35.72	34.76
48.59	100	977.1	49.33	38.29	37.61	36.39	35.81	34.82
48.91	99	978.2	49.58	38.43	37.73	36.46	35.88	34.88
49.18	99	979.3	49.83	38.56	37.85	36.59	35.97	34.95
49.39	101	980.3	50.07	38.7	37.98	36.66	36.05	35.01
49.67	101	981.4	50.31	38.84	38.09	36.76	36.1	35.07
50	100	982.5	50.55	38.98	38.2	36.84	36.17	35.12
50.28	100	983.5	50.78	39.11	38.3	36.93	36.24	35.17
50.5	100	984.6	51.01	39.25	38.41	37.02	36.31	35.22
50.75	100	985.7	51.23	39.39	38.53	37.14	36.38	35.28
51.02	100	986.7	51.44	39.5	38.67	37.22	36.48	35.36
51.24	100	987.8	51.65	39.66	38.78	37.33	36.56	35.41
51.47	100	988.9	51.86	39.77	38.91	37.42	36.62	35.48
51.78	99	990	52.06	39.93	39.02	37.51	36.7	35.52
52	99	991	52.26	40.06	39.12	37.59	36.77	35.58
52.19	99	992.1	52.45	40.17	39.24	37.68	36.84	35.64
52.47	98	993.2	52.63	40.31	39.36	37.8	36.93	35.72
52.63	98	994.2	52.81	40.42	39.46	37.89	37	35.78
52.83	98	995.3	52.98	40.55	39.57	37.96	37.07	35.83
52.99	98	996.4	53.15	40.69	39.65	38.06	37.15	35.9
53.16	98	997.4	53.3	40.8	39.76	38.14	37.2	35.97
53.37	97	998.5	53.46	40.9	39.85	38.22	37.3	36.01
53.57	96	999.6	53.6	41.02	39.97	38.35	37.36	36.08
53.74	96	1000.6	53.74	41.12	40.06	38.43	37.46	36.14
53.92	95	1001.7	53.88	41.25	40.17	38.53	37.55	36.21
54.12	94	1002.8	54	41.35	40.29	38.63	37.61	36.28
54.26	93	1003.9	54.12	41.46	40.38	38.71	37.69	36.32
54.37	93	1004.9	54.23	41.58	40.48	38.81	37.78	36.39
54.53	92	1006	54.34	41.69	40.59	38.91	37.84	36.46
54.63	92	1007.1	54.43	41.75	40.69	38.96	37.94	36.53
54.94	88	1008.1	54.52	41.87	40.73	39.01	37.97	36.6
54.86	90	1009.2	54.6	41.95	40.87	39.15	38.09	36.64
55.06	88	1010.3	54.68	42.05	40.92	39.22	38.17	36.74
55.07	88	1011.4	54.74	42.2	41.02	39.33	38.18	36.8
55.1	88	1012.4	54.8	42.29	41.1	39.36	38.29	36.86
55.34	85	1013.5	54.86	42.34	41.2	39.47	38.36	36.89
55.34	85	1014.6	54.9	42.41	41.29	39.57	38.43	36.96
55.47	83	1015.6	54.94	42.5	41.37	39.66	38.49	37.05
55.45	83	1016.7	54.96	42.62	41.48	39.74	38.59	37.13
55.64	80	1017.8	54.98	42.71	41.62	39.86	38.7	37.21
55.62	80	1018.9	55	42.79	41.68	39.94	38.79	37.3
55.73	77	1019.9	55	42.9	41.78	40.02	38.85	37.37
55.73	76	1021	55	43	41.92	40.14	38.95	37.43
55.79	74	1022.1	54.99	43.09	41.99	40.13	39.01	37.44
55.86	72	1023.1	54.97	43.19	42.01	40.19	39.03	37.5
55.8	71	1024.2	54.94	43.22	42.07	40.23	39.09	37.57
55.75	71	1025.3	54.9	43.35	42.12	40.34	39.13	37.64
55.7	70	1026.4	54.86	43.41	42.2	40.41	39.23	37.69
55.76	67	1027.4	54.81	43.42	42.26	40.46	39.27	37.73
55.69	66	1028.5	54.75	43.51	42.32	40.53	39.29	37.81
55.59	66	1029.6	54.69	43.55	42.35	40.6	39.39	37.82
55.6	63	1030.6	54.61	43.57	42.46	40.62	39.46	37.91
55.41	64	1031.7	54.53	43.68	42.43	40.74	39.54	38.03
55.45	61	1032.8	54.44	43.65	42.57	40.76	39.6	38.05
55.27	61	1033.9	54.35	43.69	42.61	40.86	39.68	38.09
55.25	59	1034.9	54.25	43.79	42.66	40.91	39.78	38.16
55.19	57	1036	54.13	43.84	42.71	40.96	39.79	38.2
55.23	53	1037.1	54.02	43.92	42.77	41.01	39.86	38.31
55.14	51	1038.1	53.89	43.95	42.79	40.97	39.81	38.32
54.81	53	1039.2	53.76	43.9	42.73	41.08	39.91	38.35
54.63	53	1040.3	53.62	43.94	42.73	41.06	39.92	38.37
54.6	49	1041.4	53.48	43.92	42.76	41.06	39.95	38.37
54.61	45	1042.4	53.32	43.93	42.82	41.11	39.99	38.44
54.43	44	1043.5	53.17	43.9	42.81	41.12	40.02	38.44
54.26	43	1044.6	53	43.91	42.84	41.18	40.07	38.51
54	43	1045.7	52.83	43.95	42.78	41.19	40.04	38.54
53.92	40	1046.7	52.65	43.87	42.82	41.13	40.02	38.52
53.58	41	1047.8	52.47	43.82	42.71	41.16	40.11	38.56
53.42	40	1048.9	52.28	43.8	42.74	41.2	40.11	38.55
53.43	35	1049.9	52.08	43.82	42.77	41.18	40.13	38.6
53.15	35	1051	51.88	43.77	42.76	41.18	40.12	38.62
52.96	33	1052.1	51.68	43.69	42.74	41.18	40.14	38.67
52.77	31	1053.2	51.46	43.63	42.72	41.16	40.15	38.66
52.47	31	1054.2	51.25	43.65	42.68	41.22	40.19	38.71
52.22	30	1055.3	51.03	43.6	42.68	41.15	40.15	38.7
52.02	29	1056.4	50.8	43.57	42.61	41.17	40.16	38.71
51.72	29	1057.4	50.57	43.5	42.63	41.16	40.2	38.73
51.6	25	1058.5	50.33	43.42	42.54	41.14	40.22	38.78
51.38	23	1059.6	50.09	43.39	42.52	41.13	40.18	38.74
51.11	22	1060.7	49.85	43.29	42.48	41.08	40.18	38.78
50.74	23	1061.7	49.6	43.23	42.41	41.05	40.17	38.77
50.66	19	1062.8	49.35	43.19	42.34	41.06	40.16	38.8
50.27	20	1063.9	49.1	43.09	42.38	41.08	40.16	38.78
49.95	20	1064.9	48.84	43.02	42.32	41.02	40.19	38.81
49.68	19	1066	48.58	42.97	42.3	41.01	40.19	38.8
49.44	17	1067.1	48.32	42.87	42.22	41.04	40.21	38.85
49.22	15	1068.2	48.05	42.89	42.16	40.93	40.16	38.78
48.98	13	1069.2	47.78	42.76	42.11	40.9	40.14	38.83
48.71	12	1070.3	47.51	42.71	42	40.86	40.12	38.78
48.44	11	1071.4	47.24	42.59	41.96	40.81	40.08	38.79
48.19	9	1072.4	46.97	42.51	41.9	40.81	40.08	38.78
47.82	9	1073.5	46.69	42.44	41.82	40.73	40.05	38.75
47.59	7	1074.6	46.41	42.35	41.76	40.68	40	38.76
47.33	6	1075.7	46.14	42.24	41.68	40.66	39.98	38.75
46.99	5	1076.7	45.86	42.17	41.62	40.62	39.98	38.74
46.65	5	1077.8	45.58	42.08	41.57	40.57	39.96	38.76
46.39	3	1078.9	45.3	42	41.51	40.55	39.95	38.76
46.06	3	1079.9	45.02	41.9	41.42	40.47	39.9	38.72
45.78	2	1081	44.74	41.81	41.33	40.4	39.84	38.69
45.5	1	1082.1	44.46	41.69	41.22	40.34	39.8	38.66
45.18	0	1083.1	44.18	41.6	41.13	40.27	39.78	38.66
44.85	0	1084.2	43.9	41.48	41.05	40.22	39.74	38.64
44.55	-1	1085.3	43.62	41.37	40.95	40.14	39.68	38.6
44.28	-4	1086.4	43.34	41.26	40.84	40.05	39.61	38.55
43.96	-4	1087.4	43.07	41.14	40.71	39.97	39.55	38.5
43.62	-4	1088.5	42.79	40.99	40.62	39.9	39.5	38.46
43.33	-5	1089.6	42.52	40.86	40.53	39.83	39.45	38.42
43.05	-6	1090.6	42.25	40.75	40.42	39.74	39.39	38.37
42.75	-7	1091.7	41.98	40.59	40.31	39.66	39.35	38.38
42.48	-9	1092.8	41.71	40.47	40.21	39.59	39.3	38.35
42.16	-8	1093.9	41.45	40.35	40.13	39.54	39.25	38.34
41.86	-9	1094.9	41.19	40.23	40.01	39.46	39.22	38.3
41.6	-10	1096	40.93	40.09	39.93	39.37	39.14	38.25
41.29	-10	1097.1	40.68	39.99	39.79	39.24	39.05	38.17
41.03	-11	1098.1	40.43	39.83	39.66	39.15	38.96	38.11
40.75	-11	1099.2	40.18	39.71	39.53	39.04	38.88	38.06
40.51	-12	1100.3	39.93	39.57	39.4	38.96	38.8	37.97
40.24	-12	1101.4	39.69	39.41	39.3	38.88	38.74	37.95
39.96	-12	1102.4	39.46	39.31	39.21	38.81	38.7	37.9
39.7	-12	1103.5	39.23	39.18	39.11	38.74	38.65	37.87
39.43	-12	1104.6	39	39.05	39	38.66	38.59	37.81
39.24	-14	1105.6	38.78	38.94	38.91	38.56	38.51	37.77
38.99	-14	1106.7	38.56	38.8	38.81	38.46	38.45	37.7
38.74	-13	1107.8	38.35	38.7	38.68	38.38	38.37	37.65
38.47	-12	1108.9	38.14	38.58	38.56	38.26	38.3	37.56
38.29	-13	1109.9	37.94	38.44	38.45	38.16	38.21	37.52
38.05	-13	1111	37.74	38.31	38.35	38.07	38.14	37.45
37.77	-10	1112.1	37.55	38.2	38.23	37.98	38.07	37.39
37.53	-9	1113.2	37.37	38.1	38.14	37.87	37.98	37.35
37.36	-10	1114.2	37.19	37.94	37.97	37.81	37.9	37.26
37.19	-10	1115.3	37.02	37.83	37.9	37.69	37.79	37.19
37.02	-10	1116.4	36.85	37.7	37.72	37.56	37.7	37.09
36.8	-9	1117.4	36.69	37.51	37.59	37.44	37.6	37.01
36.64	-9	1118.5	36.54	37.39	37.47	37.35	37.52	36.92
36.38	-5	1119.6	36.39	37.26	37.38	37.25	37.43	36.86
36.27	-6	1120.7	36.25	37.13	37.26	37.16	37.35	36.8
36.05	-3	1121.7	36.12	37.01	37.17	37.06	37.26	36.72
35.91	-2	1122.8	36	36.87	37.06	36.96	37.18	36.67
35.73	0	1123.9	35.88	36.75	36.93	36.86	37.08	36.59
35.59	1	1124.9	35.77	36.64	36.81	36.76	36.99	36.51
35.43	2	1126	35.66	36.5	36.69	36.66	36.9	36.43
35.3	3	1127.1	35.57	36.38	36.59	36.56	36.82	36.35
35.17	4	1128.2	35.48	36.25	36.48	36.46	36.72	36.29
35.03	5	1129.2	35.4	36.12	36.36	36.37	36.64	36.22
34.91	6	1130.3	35.32	36.02	36.27	36.28	36.58	36.15
34.8	8	1131.4	35.25	35.88	36.17	36.18	36.48	36.07
34.7	9	1132.4	35.2	35.78	36.09	36.09	36.43	36.01
34.59	10	1133.5	35.14	35.68	36	36.02	36.36	35.95
34.54	11	1134.6	35.1	35.59	35.92	35.94	36.29	35.89
34.46	12	1135.6	35.07	35.48	35.85	35.88	36.21	35.83
34.44	13	1136.7	35.04	35.4	35.77	35.78	36.13	35.75
34.4	14	1137.8	35.02	35.33	35.67	35.71	36.08	35.7
34.34	15	1138.8	35	35.24	35.6	35.62	36	35.64
34.3	17	1139.9	35	35.18	35.53	35.57	35.96	35.6
34.25	19	1141	35	35.11	35.47	35.51	35.89	35.54
34.26	19	1142.1	35.01	35.04	35.4	35.45	35.83	35.47
34.29	20	1143.1	35.03	34.97	35.33	35.35	35.74	35.4
34.26	22	1144.2	35.06	34.9	35.24	35.27	35.67	35.34
34.27	23	1145.3	35.09	34.84	35.16	35.18	35.58	35.26
34.28	25	1146.3	35.14	34.77	35.09	35.12	35.51	35.19
34.34	25	1147.4	35.19	34.7	35.02	35.04	35.45	35.12
34.38	27	1148.5	35.24	34.65	34.96	34.98	35.38	35.06
34.43	28	1149.5	35.31	34.58	34.92	34.93	35.33	35.01
34.5	29	1150.6	35.38	34.53	34.86	34.86	35.26	34.96
34.54	31	1151.7	35.46	34.48	34.82	34.81	35.2	34.91
34.63	31	1152.8	35.55	34.43	34.77	34.75	35.15	34.84
34.65	34	1153.8	35.65	34.4	34.72	34.7	35.09	34.78
34.78	34	1154.9	35.75	34.36	34.67	34.67	35.02	34.73
34.87	36	1156	35.86	34.33	34.65	34.6	34.96	34.65
34.99	37	1157	35.98	34.27	34.58	34.54	34.93	34.6
35.13	38	1158.1	36.1	34.27	34.56	34.53	34.86	34.55
35.18	40	1159.2	36.23	34.22	34.56	34.47	34.84	34.49
35.26	42	1160.2	36.37	34.23	34.52	34.45	34.77	34.48
35.38	44	1161.3	36.52	34.21	34.52	34.41	34.76	34.44
35.53	45	1162.4	36.67	34.22	34.52	34.4	34.73	34.4
35.67	47	1163.5	36.83	34.24	34.53	34.38	34.69	34.37
35.86	48	1164.5	36.99	34.24	34.52	34.36	34.68	34.34
36.01	49	1165.6	37.16	34.27	34.5	34.33	34.63	34.29
36.14	51	1166.7	37.34	34.28	34.49	34.32	34.6	34.27
36.34	52	1167.7	37.52	34.29	34.51	34.3	34.57	34.22
36.53	54	1168.8	37.71	34.31	34.51	34.29	34.55	34.2
36.7	55	1169.9	37.91	34.33	34.51	34.27	34.53	34.16
36.93	56	1171	38.11	34.37	34.53	34.26	34.5	34.14
37.13	58	1172	38.31	34.39	34.5	34.26	34.47	34.12
37.33	59	1173.1	38.52	34.42	34.53	34.24	34.46	34.08
37.56	60	1174.2	38.74	34.46	34.54	34.25	34.45	34.07
37.75	62	1175.2	38.96	34.49	34.59	34.26	34.46	34.04
37.98	63	1176.3	39.19	34.53	34.62	34.29	34.44	34.03
38.21	65	1177.4	39.42	34.57	34.66	34.3	34.45	34.02
38.44	66	1178.4	39.65	34.66	34.72	34.31	34.45	34.02
38.7	67	1179.5	39.89	34.72	34.75	34.34	34.47	34.02
38.9	69	1180.6	40.13	34.76	34.83	34.39	34.49	34.02
39.27	68	1181.7	40.38	34.86	34.86	34.42	34.47	33.99
39.51	70	1182.7	40.63	34.93	34.87	34.42	34.48	33.99
39.65	73	1183.8	40.88	35.01	34.97	34.44	34.5	33.98
39.95	74	1184.9	41.14	35.07	34.99	34.48	34.5	33.98
40.11	77	1185.9	41.4	35.17	35.04	34.48	34.51	34
40.48	76	1187	41.66	35.22	35.11	34.54	34.54	34.01
40.72	78	1188.1	41.93	35.33	35.19	34.56	34.57	34.02
41.03	79	1189.1	42.2	35.41	35.25	34.64	34.6	34.03
41.3	80	1190.2	42.47	35.51	35.32	34.67	34.63	34.03
41.64	80	1191.3	42.74	35.59	35.39	34.7	34.63	34.05
41.83	83	1192.4	43.01	35.69	35.43	34.74	34.65	34.04
42.14	83	1193.4	43.29	35.77	35.51	34.78	34.68	34.06
42.45	84	1194.5	43.57	35.86	35.56	34.83	34.7	34.08
42.72	85	1195.6	43.84	35.94	35.63	34.86	34.72	34.09
42.97	87	1196.6	44.12	36.05	35.72	34.93	34.76	34.11
43.36	86	1197.7	44.4	36.14	35.79	34.99	34.81	34.12
43.59	88	1198.8	44.68	36.23	35.88	35.05	34.85	34.15
43.88	89	1199.9	44.96	36.33	36	35.13	34.91	34.2
44.21	90	1200.9	45.24	36.47	36.1	35.2	34.96	34.23
44.48	91	1202	45.52	36.59	36.19	35.29	35.01	34.26
44.79	92	1203.1	45.8	36.7	36.3	35.36	35.06	34.29
45.12	92	1204.1	46.08	36.83	36.38	35.41	35.08	34.32
45.38	93	1205.2	46.36	36.94	36.45	35.46	35.14	34.34
45.66	94	1206.3	46.64	37.06	36.52	35.54	35.19	34.36
45.95	95	1207.3	46.91	37.17	36.63	35.61	35.23	34.4
46.23	96	1208.4	47.19	37.27	36.73	35.69	35.29	34.44
46.56	96	1209.5	47.46	37.39	36.84	35.75	35.34	34.48
46.86	97	1210.6	47.73	37.5	36.93	35.82	35.38	34.51
47.09	98	1211.6	48	37.63	37.06	35.94	35.49	34.55
47.43	98	1212.7	48.26	37.75	37.19	36	35.5	34.6
47.75	98	1213.8	48.53	37.92	37.28	36.09	35.59	34.68
48.03	99	1214.8	48.79	38.05	37.39	36.16	35.66	34.73
48.3	99	1215.9	49.05	38.2	37.5	36.3	35.75	34.74
48.55	100	1217	49.3	38.3	37.61	36.36	35.82	34.79
48.91	99	1218.1	49.55	38.42	37.72	36.44	35.84	34.83
49.11	100	1219.1	49.8	38.56	37.81	36.54	35.91	34.89
49.39	101	1220.2	50.04	38.69	37.92	36.61	35.97	34.95
49.72	100	1221.3	50.28	38.81	38.04	36.68	36.07	35.01
49.98	100	1222.3	50.52	38.92	38.15	36.82	36.15	35.05
50.25	100	1223.4	50.75	39.06	38.3	36.89	36.21	35.11
50.49	100	1224.5	50.98	39.23	38.42	37.01	36.27	35.17
50.74	100	1225.6	51.2	39.37	38.5	37.1	36.34	35.22
51.07	99	1226.6	51.42	39.49	38.62	37.16	36.39	35.27
51.27	100	1227.7	51.63	39.57	38.74	37.29	36.48	35.34
51.5	100	1228.8	51.84	39.74	38.83	37.34	36.57	35.39
51.83	98	1229.8	52.04	39.86	38.95	37.47	36.66	35.49
51.95	99	1230.9	52.24	39.99	39.09	37.58	36.75	35.55
52.17	99	1232	52.43	40.12	39.21	37.65	36.82	35.62
52.39	99	1233.1	52.61	40.27	39.34	37.76	36.93	35.71
52.59	99	1234.1	52.79	40.39	39.45	37.86	37	35.75
52.8	98	1235.2	52.96	40.52	39.55	37.98	37.09	35.81
52.99	98	1236.3	53.13	40.66	39.66	38.09	37.17	35.85
53.12	99	1237.3	53.29	40.78	39.78	38.16	37.24	35.95
53.33	98	1238.4	53.44	40.9	39.91	38.27	37.29	36.01
53.63	95	1239.5	53.59	41.04	40.02	38.35	37.4	36.09
53.76	96	1240.6	53.73	41.15	40.12	38.45	37.48	36.18
53.99	94	1241.6	53.86	41.28	40.22	38.55	37.57	36.24
54.17	93	1242.7	53.99	41.4	40.38	38.67	37.69	36.31
54.24	93	1243.8	54.11	41.52	40.48	38.76	37.78	36.4
54.41	92	1244.8	54.22	41.69	40.57	38.89	37.86	36.46
54.61	91	1245.9	54.33	41.8	40.66	38.95	37.94	36.55
54.73	90	1247	54.42	41.9	40.79	39.07	38.04	36.62
54.89	88	1248.1	54.51	42.05	40.89	39.18	38.13	36.69
54.99	87	1249.1	54.6	42.15	41.01	39.27	38.23	36.78
55.15	86	1250.2	54.67	42.3	41.13	39.34	38.31	36.88
55.17	86	1251.3	54.74	42.37	41.2	39.44	38.39	36.95
55.21	86	1252.3	54.8	42.49	41.3	39.57	38.49	37.01
55.38	83	1253.4	54.85	42.61	41.4	39.67	38.58	37.09
55.41	83	1254.5	54.9	42.73	41.52	39.74	38.65	37.17
55.49	82	1255.6	54.93	42.78	41.63	39.81	38.73	37.24
55.53	81	1256.6	54.96	42.9	41.67	39.89	38.8	37.3
55.6	79	1257.7	54.98	42.98	41.76	39.98	38.86	37.34
55.6	79	1258.8	54.99	43.09	41.81	40.03	38.94	37.39
55.64	78	1259.8	55	43.19	41.89	40.1	38.95	37.45
55.7	76	1260.9	55	43.25	41.95	40.21	39.05	37.52
55.7	75	1262	54.99	43.31	42.06	40.28	39.14	37.61
55.77	73	1263.1	54.97	43.4	42.11	40.35	39.21	37.68
55.76	71	1264.1	54.94	43.47	42.19	40.41	39.28	37.78
55.7	71	1265.2	54.91	43.54	42.28	40.5	39.36	37.83
55.74	69	1266.3	54.87	43.6	42.37	40.57	39.43	37.91
55.71	67	1267.3	54.82	43.66	42.41	40.65	39.49	37.98
55.63	67	1268.4	54.76	43.72	42.49	40.72	39.55	38.04
55.64	64	1269.5	54.69	43.79	42.56	40.77	39.64	38.1
55.56	63	1270.6	54.62	43.82	42.59	40.82	39.67	38.16
55.54	61	1271.6	54.54	43.9	42.66	40.88	39.73	38.2
55.48	60	1272.7	54.45	43.95	42.67	40.91	39.77	38.26
55.34	59	1273.8	54.36	43.99	42.71	40.94	39.81	38.28
55.21	59	1274.8	54.25	44.03	42.76	41	39.87	38.32
55.21	56	1275.9	54.14	44.06	42.79	41.07	39.9	38.38
55.08	55	1277	54.03	44.11	42.79	41.07	39.93	38.41
55.09	51	1278.1	53.9	44.13	42.86	41.15	39.97	38.46
54.86	52	1279.1	53.77	44.14	42.89	41.18	40.04	38.49
54.71	51	1280.2	53.63	44.13	42.89	41.22	40.05	38.53
54.68	48	1281.3	53.49	44.15	42.94	41.25	40.11	38.57
54.51	47	1282.3	53.34	44.16	42.95	41.26	40.12	38.63
54.42	44	1283.4	53.18	44.16	42.96	41.27	40.18	38.66
54.28	42	1284.5	53.01	44.15	42.97	41.3	40.21	38.69
54.08	42	1285.6	52.84	44.14	42.96	41.32	40.26	38.71
53.81	42	1286.6	52.67	44.13	42.96	41.34	40.27	38.78
53.67	40	1287.7	52.48	44.09	42.99	41.37	40.31	38.79
53.47	39	1288.8	52.29	44.09	42.98	41.4	40.36	38.85
53.37	36	1289.8	52.1	44.06	42.99	41.41	40.37	38.88
53.12	35	1290.9	51.9	44.05	42.97	41.44	40.39	38.89
52.95	33	1292	51.69	44.06	42.96	41.43	40.42	38.94
52.75	32	1293.1	51.48	44.02	42.95	41.46	40.46	38.94
52.52	31	1294.1	51.27	43.97	42.93	41.44	40.48	38.99
52.28	29	1295.2	51.04	43.94	42.91	41.44	40.48	39.01
52.12	27	1296.3	50.82	43.91	42.87	41.47	40.48	39.03
51.86	26	1297.4	50.59	43.89	42.85	41.44	40.48	39.05
51.67	24	1298.4	50.35	43.84	42.81	41.41	40.48	39.05
51.36	23	1299.5	50.11	43.8	42.78	41.38	40.47	39.05
51.18	21	1300.6	49.87	43.74	42.72	41.37	40.47	39.06
50.89	20	1301.6	49.62	43.67	42.7	41.35	40.47	39.07
50.69	18	1302.7	49.37	43.59	42.64	41.33	40.45	39.07
50.35	18	1303.8	49.12	43.51	42.59	41.3	40.45	39.07
50.05	17	1304.9	48.86	43.43	42.54	41.29	40.43	39.07
49.79	16	1305.9	48.6	43.37	42.5	41.25	40.45	39.08
49.52	15	1307	48.34	43.28	42.46	41.23	40.47	39.09
49.31	13	1308.1	48.07	43.21	42.41	41.22	40.44	39.09
48.93	13	1309.1	47.81	43.14	42.35	41.18	40.44	39.1
48.71	11	1310.2	47.53	43.07	42.28	41.16	40.43	39.11
48.43	10	1311.3	47.26	42.98	42.22	41.11	40.41	39.1
48.14	9	1312.4	46.99	42.9	42.13	41.06	40.38	39.08
47.88	7	1313.4	46.71	42.81	42.06	41.01	40.35	39.06
47.54	7	1314.5	46.44	42.74	41.99	40.94	40.31	39.07
47.28	6	1315.6	46.16	42.64	41.92	40.92	40.29	39.06
46.97	5	1316.6	45.88	42.54	41.84	40.85	40.25	39.04
46.68	4	1317.7	45.6	42.44	41.78	40.8	40.22	39.01
46.33	4	1318.8	45.32	42.33	41.69	40.75	40.2	38.99
46.07	3	1319.8	45.04	42.23	41.62	40.69	40.15	38.96
45.8	1	1320.9	44.76	42.12	41.53	40.63	40.1	38.94
45.48	1	1322	44.48	42	41.42	40.55	40.05	38.91
45.12	1	1323.1	44.2	41.9	41.33	40.48	40.01	38.89
44.88	-1	1324.1	43.92	41.78	41.24	40.42	39.96	38.86
44.57	-2	1325.2	43.64	41.65	41.15	40.33	39.91	38.83
44.29	-4	1326.3	43.36	41.54	41.05	40.25	39.84	38.79
43.99	-5	1327.3	43.09	41.43	40.96	40.19	39.79	38.75
43.67	-6	1328.4	42.81	41.3	40.85	40.13	39.75	38.71
43.38	-7	1329.5	42.54	41.19	40.74	40.05	39.68	38.65
43.07	-8	1330.6	42.27	41.05	40.62	39.95	39.61	38.61
42.77	-8	1331.6	42	40.9	40.5	39.84	39.55	38.56
42.46	-8	1332.7	41.74	40.76	40.38	39.75	39.46	38.5
42.14	-8	1333.8	41.47	40.63	40.25	39.68	39.41	38.46
41.86	-9	1334.8	41.21	40.47	40.14	39.58	39.34	38.4
41.65	-12	1335.9	40.95	40.34	40.03	39.51	39.28	38.36
41.37	-13	1337	40.7	40.19	39.93	39.43	39.22	38.32
41.04	-11	1338.1	40.45	40.05	39.82	39.34	39.15	38.27
40.78	-12	1339.1	40.2	39.92	39.72	39.26	39.09	38.22
40.49	-12	1340.2	39.95	39.77	39.61	39.18	39.03	38.18
40.26	-14	1341.3	39.71	39.65	39.51	39.07	38.94	38.12
40.02	-15	1342.3	39.48	39.53	39.39	38.98	38.87	38.07
39.76	-15	1343.4	39.25	39.39	39.28	38.89	38.81	38.01
39.5	-15	1344.5	39.02	39.26	39.17	38.81	38.75	37.98
39.24	-15	1345.6	38.8	39.14	39.06	38.73	38.7	37.92
39.02	-15	1346.6	38.58	39.01	38.96	38.64	38.63	37.88
38.79	-16	1347.7	38.37	38.89	38.86	38.56	38.57	37.83
38.56	-16	1348.8	38.16	38.77	38.74	38.47	38.49	37.79
38.32	-16	1349.9	37.96	38.64	38.63	38.37	38.43	37.72
38.08	-15	1350.9	37.76	38.52	38.53	38.29	38.36	37.68
37.87	-15	1352	37.57	38.41	38.42	38.19	38.29	37.63
37.63	-14	1353.1	37.38	38.27	38.28	38.09	38.2	37.57
37.44	-14	1354.1	37.21	38.15	38.16	37.98	38.11	37.49
37.24	-13	1355.2	37.03	38.02	38.06	37.89	38.03	37.42
37.02	-12	1356.3	36.87	37.92	37.95	37.8	37.97	37.35
36.78	-10	1357.4	36.71	37.79	37.85	37.71	37.87	37.28
36.61	-9	1358.4	36.55	37.67	37.72	37.6	37.78	37.2
36.42	-8	1359.5	36.41	37.53	37.61	37.49	37.69	37.12
36.25	-7	1360.6	36.27	37.41	37.48	37.38	37.57	37.04
36.08	-6	1361.6	36.13	37.28	37.37	37.27	37.49	36.97
35.89	-3	1362.7	36.01	37.15	37.26	37.17	37.4	36.9
35.76	-3	1363.8	35.89	37.02	37.14	37.07	37.31	36.81
35.58	0	1364.9	35.78	36.91	37.03	36.98	37.23	36.74
35.43	1	1365.9	35.67	36.79	36.94	36.89	37.15	36.67
35.29	2	1367	35.57	36.67	36.82	36.8	37.08	36.61
35.15	3	1368.1	35.48	36.55	36.73	36.7	37	36.55
35.01	4	1369.1	35.4	36.44	36.62	36.62	36.93	36.48
34.87	6	1370.2	35.33	36.33	36.53	36.52	36.83	36.4
34.79	7	1371.3	35.26	36.22	36.41	36.44	36.76	36.35
34.71	8	1372.3	35.2	36.14	36.33	36.35	36.69	36.29
34.59	9	1373.4	35.15	36.02	36.24	36.27	36.62	36.23
34.53	10	1374.5	35.1	35.94	36.15	36.19	36.55	36.17
34.47	11	1375.6	35.07	35.84	36.05	36.11	36.48	36.11
34.42	12	1376.6	35.04	35.76	35.97	36.03	36.4	36.03
34.33	14	1377.7	35.02	35.67	35.87	35.93	36.34	35.96
34.31	15	1378.8	35.01	35.59	35.82	35.87	36.27	35.91
34.29	16	1379.8	35	35.51	35.74	35.8	36.2	35.85
34.26	17	1380.9	35	35.44	35.66	35.72	36.12	35.79
34.24	19	1382	35.01	35.37	35.59	35.66	36.06	35.72
34.23	20	1383	35.03	35.3	35.51	35.57	35.98	35.67
34.25	21	1384.1	35.06	35.21	35.45	35.51	35.91	35.58
34.29	22	1385.2	35.09	35.16	35.38	35.45	35.85	35.54
34.28	24	1386.2	35.13	35.1	35.31	35.38	35.77	35.47
34.34	24	1387.3	35.18	35.05	35.24	35.28	35.69	35.39
34.36	26	1388.4	35.24	34.97	35.17	35.19	35.62	35.33
34.43	27	1389.5	35.3	34.9	35.11	35.13	35.56	35.25
34.46	29	1390.5	35.38	34.83	35.06	35.09	35.5	35.19
34.55	30	1391.6	35.46	34.79	35.01	35.02	35.42	35.13
34.57	32	1392.7	35.55	34.73	34.96	34.97	35.36	35.06
34.7	32	1393.7	35.64	34.68	34.93	34.91	35.32	35.04
34.7	35	1394.8	35.74	34.64	34.9	34.9	35.3	34.99
34.88	35	1395.9	35.85	34.62	34.89	34.87	35.26	34.94
34.89	38	1397	35.97	34.62	34.84	34.83	35.2	34.89
35.03	39	1398	36.09	34.58	34.81	34.77	35.16	34.85
35.2	39	1399.1	36.22	34.58	34.79	34.74	35.11	34.8
35.27	41	1400.2	36.36	34.59	34.76	34.7	35.07	34.75
35.42	43	1401.2	36.51	34.57	34.75	34.68	35.04	34.71
35.6	43	1402.3	36.66	34.57	34.73	34.65	35.01	34.67
35.73	45	1403.4	36.81	34.59	34.75	34.63	34.98	34.64
35.89	46	1404.4	36.98	34.58	34.73	34.6	34.93	34.61
36.01	48	1405.5	37.15	34.59	34.7	34.57	34.9	34.56
36.18	50	1406.6	37.33	34.61	34.7	34.55	34.91	34.5
36.37	51	1407.7	37.51	34.61	34.7	34.52	34.82	34.48
36.54	52	1408.7	37.7	34.64	34.72	34.5	34.79	34.46
36.75	53	1409.8	37.89	34.67	34.69	34.49	34.76	34.43
36.93	55	1410.9	38.09	34.69	34.72	34.5	34.74	34.4
37.15	56	1411.9	38.3	34.73	34.73	34.49	34.71	34.39
37.36	57	1413	38.51	34.74	34.73	34.46	34.69	34.36
37.58	58	1414.1	38.72	34.8	34.75	34.48	34.7	34.34
37.78	60	1415.2	38.94	34.82	34.77	34.48	34.7	34.32
37.96	62	1416.2	39.17	34.88	34.8	34.49	34.67	34.3
38.17	64	1417.3	39.4	34.9	34.84	34.52	34.67	34.29
38.39	65	1418.4	39.63	34.95	34.89	34.52	34.67	34.28
38.67	66	1419.4	39.87	35.02	34.93	34.55	34.7	34.28
38.87	68	1420.5	40.11	35.07	34.98	34.58	34.69	34.27
39.11	70	1421.6	40.36	35.12	35.04	34.61	34.71	34.26
39.4	70	1422.6	40.61	35.19	35.1	34.65	34.73	34.25
39.63	72	1423.7	40.86	35.25	35.12	34.66	34.73	34.25
39.89	73	1424.8	41.12	35.34	35.19	34.68	34.72	34.23
40.13	75	1425.9	41.38	35.38	35.23	34.67	34.72	34.23
40.45	75	1426.9	41.64	35.44	35.25	34.71	34.73	34.22
40.72	77	1428	41.91	35.52	35.3	34.75	34.73	34.22
40.95	79	1429.1	42.18	35.59	35.37	34.78	34.74	34.22
41.26	79	1430.1	42.45	35.67	35.43	34.82	34.76	34.22
41.57	80	1431.2	42.72	35.73	35.49	34.87	34.79	34.24
41.86	81	1432.3	42.99	35.81	35.56	34.92	34.84	34.25
42.12	82	1433.3	43.27	35.92	35.65	34.99	34.88	34.29
42.38	84	1434.4	43.54	36	35.74	35.03	34.92	34.31
42.69	85	1435.5	43.82	36.1	35.84	35.11	34.96	34.34
42.97	86	1436.6	44.1	36.23	35.92	35.16	35	34.35
43.27	87	1437.6	44.38	36.32	36.01	35.23	35.04	34.38
43.6	87	1438.7	44.66	36.45	36.09	35.29	35.09	34.42
43.87	89	1439.8	44.94	36.55	36.18	35.36	35.13	34.44
44.15	90	1440.8	45.22	36.67	36.26	35.4	35.17	34.47
44.44	91	1441.9	45.5	36.76	36.35	35.46	35.22	34.49
44.74	91	1443	45.78	36.89	36.44	35.55	35.25	34.53
45.07	92	1444.1	46.06	37.01	36.54	35.61	35.31	34.56
45.37	92	1445.1	46.34	37.13	36.65	35.69	35.38	34.62
45.67	93	1446.2	46.62	37.25	36.76	35.75	35.42	34.64
46.01	93	1447.3	46.89	37.36	36.85	35.84	35.48	34.68
46.23	95	1448.3	47.17	37.48	36.95	35.93	35.53	34.73
46.56	95	1449.4	47.44	37.62	37.05	36.01	35.6	34.77
46.81	96	1450.5	47.71	37.75	37.16	36.1	35.66	34.8
47.16	96	1451.5	47.98	37.87	37.27	36.15	35.68	34.85
47.48	96	1452.6	48.24	37.99	37.35	36.22	35.75	34.87
47.7	98	1453.7	48.51	38.13	37.45	36.31	35.81	34.91
48.06	97	1454.8	48.77	38.22	37.56	36.38	35.86	34.96
48.33	97	1455.8	49.03	38.37	37.64	36.48	35.94	35
48.56	98	1456.9	49.28	38.48	37.77	36.54	36	35.04
48.85	99	1458	49.53	38.61	37.86	36.64	36.05	35.08
49.14	99	1459	49.78	38.72	37.98	36.71	36.12	35.12
49.4	99	1460.1	50.03	38.87	38.1	36.82	36.19	35.19
49.72	98	1461.2	50.27	38.98	38.2	36.9	36.27	35.24
49.9	100	1462.3	50.5	39.12	38.31	36.98	36.3	35.28
50.18	100	1463.3	50.73	39.24	38.41	37.07	36.37	35.32
50.43	100	1464.4	50.96	39.38	38.52	37.15	36.44	35.38
50.68	100	1465.5	51.18	39.5	38.64	37.23	36.5	35.42
50.94	100	1466.5	51.4	39.64	38.73	37.33	36.57	35.48
51.23	99	1467.6	51.62	39.76	38.86	37.44	36.64	35.53
51.39	101	1468.7	51.82	39.89	38.98	37.52	36.71	35.57
51.63	100	1469.8	52.03	40	39.09	37.6	36.79	35.62
51.81	101	1470.8	52.22	40.13	39.17	37.69	36.85	35.68
52.21	98	1471.9	52.41	40.31	39.28	37.75	36.94	35.78
52.28	100	1473	52.6	40.37	39.37	37.86	36.99	35.83
52.69	96	1474	52.78	40.5	39.51	37.98	37.09	35.86
52.84	97	1475.1	52.95	40.63	39.62	38.06	37.16	35.92
53	97	1476.2	53.12	40.75	39.71	38.16	37.25	36
53.27	96	1477.3	53.28	40.89	39.85	38.25	37.31	36.06
53.23	99	1478.3	53.43	41.02	39.92	38.37	37.42	36.1
53.53	96	1479.4	53.58	41.09	40.08	38.45	37.46	36.21
53.83	94	1480.5	53.72	41.22	40.18	38.53	37.59	36.29
54.03	92	1481.5	53.85	41.33	40.34	38.66	37.69	36.37
54.07	94	1482.6	53.98	41.51	40.41	38.77	37.75	36.44
54.18	94	1483.7	54.1	41.62	40.56	38.88	37.85	36.51
54.38	92	1484.8	54.21	41.76	40.73	38.95	37.96	36.59
54.47	92	1485.8	54.32	41.88	40.79	39.08	38.04	36.65
54.74	89	1486.9	54.42	42.03	40.91	39.18	38.14	36.76
54.83	89	1488	54.51	42.16	40.99	39.28	38.23	36.83
54.93	88	1489	54.59	42.27	41.08	39.38	38.29	36.91
54.95	89	1490.1	54.67	42.43	41.14	39.44	38.36	36.95
55.18	86	1491.2	54.73	42.51	41.27	39.54	38.43	37.06
55.21	86	1492.3	54.8	42.64	41.35	39.6	38.53	37.1
55.41	83	1493.3	54.85	42.74	41.47	39.74	38.6	37.21
55.39	83	1494.4	54.89	42.87	41.57	39.79	38.67	37.26
55.51	81	1495.5	54.93	42.92	41.62	39.9	38.72	37.31
55.58	80	1496.5	54.96	43.06	41.71	39.95	38.84	37.35
55.66	78	1497.6	54.98	43.16	41.81	40.04	38.89	37.47
55.57	79	1498.7	54.99	43.22	41.89	40.11	38.93	37.55
55.77	75	1499.8	55	43.29	41.97	40.24	39.02	37.55
55.63	77	1500.8	55	43.35	42.07	40.26	39.09	37.61
55.73	74	1501.9	54.99	43.44	42.08	40.32	39.18	37.66
55.78	72	1503	54.97	43.46	42.16	40.36	39.21	37.71
55.76	71	1504	54.94	43.52	42.2	40.44	39.21	37.77
55.58	73	1505.1	54.91	43.6	42.26	40.47	39.35	37.79
55.64	70	1506.2	54.87	43.62	42.31	40.58	39.36	37.85
55.76	66	1507.3	54.82	43.68	42.36	40.6	39.42	37.91
55.68	66	1508.3	54.76	43.71	42.47	40.68	39.5	37.98
55.63	65	1509.4	54.7	43.74	42.49	40.73	39.57	38.04
55.59	63	1510.5	54.63	43.79	42.55	40.8	39.63	38.11
55.48	62	1511.5	54.55	43.82	42.6	40.88	39.68	38.16
55.44	61	1512.6	54.46	43.85	42.66	40.9	39.75	38.2
55.39	59	1513.7	54.36	43.88	42.69	40.95	39.78	38.27
55.33	57	1514.8	54.26	43.92	42.75	40.99	39.85	38.29
55.21	56	1515.8	54.15	43.96	42.78	41.05	39.88	38.36
55.19	53	1516.9	54.04	43.97	42.82	41.08	39.89	38.39
55	53	1518	53.91	43.97	42.82	41.12	39.94	38.39
54.87	52	1519	53.78	44	42.85	41.14	40	38.47
54.74	50	1520.1	53.64	44.02	42.86	41.17	40.02	38.52
54.68	48	1521.2	53.5	44.03	42.9	41.22	40.08	38.56
54.5	47	1522.3	53.35	44.05	42.92	41.23	40.12	38.6
54.32	46	1523.3	53.19	44.05	42.94	41.28	40.17	38.62
54.2	44	1524.4	53.03	44.05	42.93	41.3	40.18	38.68
54.06	42	1525.5	52.86	44.04	42.95	41.32	40.22	38.71
53.91	41	1526.5	52.68	44.06	42.96	41.35	40.24	38.75
53.65	41	1527.6	52.5	44.02	42.96	41.39	40.28	38.79
53.59	37	1528.7	52.31	44.02	42.99	41.41	40.34	38.83
53.34	36	1529.8	52.11	44.01	42.99	41.43	40.36	38.89
53.17	35	1530.8	51.91	44.01	42.98	41.45	40.41	38.93
52.99	33	1531.9	51.71	43.99	42.98	41.47	40.43	38.97
52.72	32	1533	51.5	43.95	42.98	41.46	40.44	39
52.58	30	1534.1	51.28	43.95	42.98	41.44	40.46	39
52.32	29	1535.1	51.06	43.95	42.94	41.45	40.45	39.03
52.04	29	1536.2	50.84	43.88	42.9	41.45	40.48	39.05
51.88	26	1537.3	50.61	43.85	42.85	41.43	40.48	39.05
51.63	25	1538.3	50.37	43.8	42.83	41.43	40.46	39.05
51.4	23	1539.4	50.13	43.74	42.78	41.4	40.47	39.06
51.16	22	1540.5	49.89	43.67	42.75	41.39	40.46	39.07
50.95	20	1541.6	49.64	43.62	42.68	41.37	40.47	39.08
50.67	19	1542.6	49.39	43.56	42.65	41.34	40.45	39.09
50.42	17	1543.7	49.14	43.49	42.64	41.37	40.44	39.11
50.09	17	1544.8	48.88	43.42	42.6	41.34	40.44	39.12
49.85	16	1545.8	48.62	43.34	42.54	41.28	40.42	39.1
49.52	15	1546.9	48.36	43.28	42.46	41.23	40.38	39.07
49.26	14	1548	48.09	43.19	42.39	41.21	40.36	39.06
48.96	13	1549.1	47.83	43.09	42.29	41.1	40.33	39.04
48.75	11	1550.1	47.56	42.99	42.22	41.07	40.3	39.03
48.48	10	1551.2	47.28	42.9	42.15	41.01	40.26	39.02
48.13	10	1552.3	47.01	42.78	42.06	40.97	40.24	39
47.83	9	1553.3	46.73	42.65	42	40.96	40.22	38.98
47.57	7	1554.4	46.46	42.57	41.93	40.91	40.19	38.96
47.28	6	1555.5	46.18	42.46	41.85	40.83	40.16	38.96
46.96	6	1556.6	45.9	42.35	41.74	40.77	40.12	38.93
46.66	5	1557.6	45.62	42.25	41.66	40.7	40.07	38.91
46.36	4	1558.7	45.34	42.13	41.59	40.64	40.04	38.87
46.06	3	1559.8	45.06	42.01	41.5	40.6	40.01	38.86
45.82	2	1560.8	44.78	41.91	41.43	40.54	39.99	38.85
45.52	1	1561.9	44.5	41.79	41.35	40.47	39.92	38.81
45.16	1	1563	44.22	41.67	41.23	40.4	39.88	38.78
44.88	0	1564	43.94	41.56	41.13	40.32	39.82	38.75
44.58	-1	1565.1	43.66	41.43	41.01	40.23	39.75	38.71
44.25	-1	1566.2	43.39	41.29	40.9	40.15	39.71	38.68
43.96	-3	1567.3	43.11	41.15	40.79	40.08	39.64	38.62
43.67	-4	1568.3	42.84	41.03	40.69	40.01	39.59	38.59
43.38	-5	1569.4	42.56	40.9	40.57	39.92	39.52	38.54
43.09	-7	1570.5	42.29	40.76	40.46	39.82	39.47	38.5
42.76	-6	1571.5	42.02	40.61	40.34	39.74	39.41	38.44
42.45	-6	1572.6	41.76	40.48	40.25	39.65	39.34	38.41
42.17	-7	1573.7	41.49	40.32	40.14	39.57	39.27	38.37
41.87	-7	1574.8	41.23	40.2	40.03	39.49	39.22	38.31
41.62	-9	1575.8	40.97	40.07	39.94	39.41	39.15	38.26
41.35	-10	1576.9	40.72	39.95	39.81	39.32	39.08	38.23
41.11	-12	1578	40.47	39.82	39.71	39.22	39.03	38.17
40.81	-12	1579	40.22	39.7	39.62	39.16	38.98	38.12
40.52	-11	1580.1	39.97	39.58	39.53	39.07	38.9	38.08
40.3	-13	1581.2	39.73	39.46	39.43	39	38.81	38.01
40.06	-14	1582.3	39.5	39.34	39.29	38.87	38.73	37.94
39.79	-14	1583.3	39.26	39.21	39.16	38.78	38.64	37.9
39.54	-15	1584.4	39.04	39.09	39.02	38.7	38.6	37.84
39.25	-13	1585.5	38.81	38.98	38.96	38.6	38.55	37.8
39.03	-14	1586.5	38.6	38.83	38.84	38.52	38.47	37.75
38.8	-15	1587.6	38.38	38.71	38.72	38.44	38.41	37.69
38.55	-14	1588.7	38.17	38.6	38.62	38.36	38.34	37.65
38.39	-16	1589.8	37.97	38.47	38.51	38.25	38.27	37.59
38.1	-14	1590.8	37.78	38.34	38.4	38.16	38.18	37.53
37.86	-13	1591.9	37.58	38.2	38.31	38.04	38.13	37.48
37.66	-13	1593	37.4	38.1	38.19	37.99	38.05	37.41
37.42	-12	1594.1	37.22	37.96	38.08	37.89	37.96	37.36
37.19	-10	1595.1	37.05	37.84	37.96	37.78	37.91	37.3
37.05	-12	1596.2	36.88	37.73	37.88	37.7	37.83	37.26
36.84	-10	1597.3	36.72	37.6	37.75	37.61	37.76	37.18
36.67	-10	1598.3	36.56	37.51	37.64	37.5	37.64	37.12
36.49	-9	1599.4	36.42	37.37	37.51	37.41	37.58	37.04
36.27	-6	1600.5	36.28	37.24	37.4	37.31	37.47	36.95
36.13	-6	1601.6	36.14	37.13	37.28	37.19	37.38	36.88
35.89	-2	1602.6	36.02	36.99	37.16	37.07	37.3	36.78
35.77	-2	1603.7	35.9	36.86	37.06	36.98	37.23	36.73
35.59	0	1604.8	35.78	36.75	36.93	36.88	37.11	36.63
