25.81	0	1.7	35	24.66	24.66	24.49	25	24.49
25.82	0	2.7	35	24.64	24.67	24.46	25.02	24.5
25.76	0	3.7	35	24.64	24.66	24.47	25	24.49
25.78	0	4.7	35	24.63	24.65	24.46	25	24.49
25.74	0	5.7	35	24.62	24.63	24.46	24.97	24.49
25.75	0	6.7	45	24.61	24.64	24.45	24.97	24.48
25.71	0	7.8	45	24.6	24.62	24.46	24.97	24.47
25.64	255	9.8	45	24.59	24.62	24.43	24.96	24.48
25.61	255	10.8	45	24.56	24.59	24.42	24.93	24.44
25.95	255	11.9	45	24.55	24.57	24.41	24.93	24.43
26.84	255	13	45	24.57	24.59	24.42	24.92	24.44
28.2	255	14	45	24.63	24.6	24.41	24.93	24.44
29.69	255	15.1	45	24.73	24.66	24.39	24.92	24.43
31.35	255	16.2	45	24.91	24.79	24.41	24.92	24.43
33.06	255	17.2	45	25.1	24.92	24.49	24.93	24.44
34.75	255	18.3	45	25.41	25.14	24.58	24.97	24.43
36.43	255	19.3	45	25.74	25.39	24.69	25.04	24.48
38.14	255	20.4	45	26.1	25.71	24.83	25.09	24.5
39.71	255	21.5	45	26.46	26.02	25.08	25.23	24.51
41.26	255	22.5	45	26.9	26.33	25.19	25.33	24.59
43.23	29	23.6	45	27.05	26.81	25.56	25.42	24.73
44.26	13	24.7	45	27.71	26.97	25.65	25.55	24.75
45.44	-14	25.7	45	28.17	27.34	25.9	25.7	24.8
46.16	-39	26.8	45	28.62	27.72	26.18	25.84	24.9
46.35	14	27.9	47.21	29.04	28.09	26.43	26	25
46.13	-1	28.9	46.11	29.41	28.41	26.68	26.19	25.1
45.88	-31	30	44.99	29.73	28.71	26.94	26.39	25.25
45.5	-58	31.1	43.88	30.02	28.96	27.18	26.56	25.36
45	-82	32.1	42.77	30.26	29.19	27.4	26.73	25.5
44.46	-106	33.2	41.7	30.45	29.4	27.59	26.91	25.62
43.93	-129	34.3	40.66	30.6	29.53	27.81	27.08	25.74
43.22	-145	35.4	39.68	30.72	29.64	27.93	27.23	25.89
42.51	-160	36.4	38.77	30.82	29.77	28.08	27.37	26.02
41.68	-168	37.5	37.93	30.87	29.81	28.19	27.51	26.12
40.9	-175	38.6	37.19	30.89	29.88	28.31	27.61	26.24
40.07	-177	39.6	36.54	30.89	29.9	28.4	27.74	26.35
39.28	-176	40.7	35.99	30.86	29.91	28.47	27.89	26.44
38.41	-168	41.8	35.56	30.81	29.9	28.53	27.93	26.57
37.61	-157	42.8	35.25	30.74	29.87	28.56	28.02	26.65
36.73	-139	43.9	35.06	30.66	29.83	28.59	28.06	26.74
36.03	-121	45	35	30.55	29.76	28.6	28.14	26.82
35.25	-94	46.1	35.06	30.43	29.71	28.59	28.17	26.87
34.62	-66	47.1	35.25	30.32	29.56	28.54	28.19	26.94
34.1	-36	48.2	35.55	30.18	29.5	28.54	28.23	26.96
33.56	0	49.3	35.98	30.05	29.39	28.5	28.24	27.02
33.19	18	50.3	36.52	29.91	29.3	28.46	28.25	27.06
32.89	38	51.4	37.16	29.77	29.21	28.41	28.22	27.09
32.71	59	52.5	37.9	29.66	29.09	28.38	28.23	27.09
32.65	80	53.5	38.73	29.52	29.02	28.29	28.2	27.11
32.69	101	54.6	39.64	29.43	28.92	28.26	28.17	27.09
32.94	121	55.7	40.62	29.37	28.85	28.18	28.14	27.09
33.22	143	56.7	41.65	29.32	28.8	28.14	28.11	27.1
33.78	160	57.8	42.72	29.23	28.81	28.1	28.08	27.07
34.37	179	58.9	43.82	29.25	28.76	28.08	28.07	27.06
35.16	195	59.9	44.93	29.27	28.74	28.06	28.02	27.05
36.09	208	61	46.05	29.33	28.8	28.05	28.03	27.04
37.12	220	62.1	47.15	29.43	28.84	28.07	28.04	27.05
38.21	231	63.1	48.23	29.55	28.96	28.09	28.04	27.05
39.41	239	64.2	49.26	29.72	29.08	28.14	28.04	27.06
40.68	245	65.3	50.25	29.91	29.24	28.23	28.09	27.09
41.97	249	66.3	51.16	30.14	29.42	28.32	28.14	27.12
43.35	249	67.4	52	30.41	29.63	28.44	28.19	27.14
44.68	249	68.5	52.76	30.69	29.88	28.58	28.27	27.18
46.07	245	69.5	53.41	31.03	30.13	28.74	28.35	27.24
47.41	239	70.6	53.97	31.36	30.39	28.9	28.47	27.28
48.75	231	71.7	54.4	31.71	30.69	29.08	28.58	27.36
50	221	72.8	54.72	32.1	31	29.29	28.69	27.44
51.22	208	73.8	54.92	32.49	31.31	29.5	28.84	27.52
52.34	194	74.9	55	32.88	31.63	29.7	28.96	27.62
53.38	178	76	54.95	33.27	31.94	29.95	29.11	27.71
54.36	160	77	54.78	33.66	32.27	30.18	29.29	27.81
55.25	140	78.1	54.48	34.05	32.62	30.43	29.45	27.93
55.91	121	79.2	54.06	34.45	32.94	30.67	29.64	28.05
56.49	100	80.2	53.54	34.84	33.28	30.92	29.82	28.21
57.03	76	81.3	52.9	35.15	33.59	31.19	30.02	28.32
57.32	54	82.4	52.17	35.53	33.88	31.42	30.19	28.49
57.5	31	83.4	51.34	35.87	34.17	31.68	30.39	28.59
57.46	10	84.5	50.44	36.17	34.44	31.93	30.61	28.78
57.4	-27	85.6	49.47	36.44	34.72	32.17	30.79	28.94
57.06	-68	86.6	48.44	36.71	34.98	32.42	31	29.08
56.59	-107	87.7	47.37	36.91	35.22	32.65	31.21	29.24
56.02	-146	88.8	46.27	37.15	35.4	32.86	31.4	29.4
55.14	-175	89.9	45.15	37.29	35.59	33.04	31.56	29.55
54.45	-211	90.9	44.03	37.4	35.73	33.21	31.75	29.7
53.47	-238	92	42.92	37.49	35.8	33.35	31.87	29.86
52.43	-255	93.1	41.84	37.51	35.84	33.46	32.01	29.97
51.21	-255	94.1	40.8	37.5	35.86	33.56	32.15	30.11
50.07	-255	95.2	39.81	37.46	35.87	33.65	32.27	30.25
48.85	-255	96.3	38.89	37.39	35.82	33.7	32.36	30.34
47.66	-255	97.3	38.04	37.26	35.78	33.76	32.47	30.45
46.32	-255	98.4	37.28	37.11	35.67	33.77	32.56	30.58
45.17	-255	99.5	36.62	36.93	35.6	33.77	32.6	30.66
43.95	-255	100.6	36.06	36.74	35.48	33.74	32.63	30.71
42.83	-255	101.6	35.62	36.52	35.32	33.71	32.68	30.79
41.68	-255	102.7	35.29	36.29	35.14	33.65	32.7	30.85
40.61	-255	103.8	35.08	36.03	34.96	33.56	32.68	30.86
39.53	-255	104.8	35	35.75	34.77	33.44	32.68	30.86
38.59	-236	105.9	35.05	35.51	34.53	33.34	32.65	30.91
37.46	-199	107	35.22	35.18	34.31	33.22	32.58	30.91
36.57	-163	108.1	35.51	34.88	34.09	33.09	32.53	30.9
35.65	-120	109.1	35.92	34.59	33.86	32.98	32.47	30.89
34.87	-74	110.2	36.45	34.25	33.64	32.74	32.36	30.86
34.22	-26	111.3	37.09	34.03	33.39	32.69	32.34	30.88
33.65	12	112.4	37.82	33.68	33.18	32.53	32.24	30.86
33.27	38	113.4	38.64	33.42	32.96	32.38	32.15	30.83
32.98	64	114.5	39.54	33.14	32.75	32.19	32.04	30.75
32.92	89	115.6	40.52	32.9	32.54	32.04	31.94	30.7
33	114	116.6	41.54	32.66	32.35	31.89	31.83	30.65
33.26	137	117.7	42.61	32.51	32.19	31.74	31.74	30.58
33.67	159	118.8	43.71	32.37	32.04	31.6	31.62	30.51
34.27	179	119.8	44.83	32.23	31.94	31.5	31.51	30.44
35.09	195	120.9	45.95	32.16	31.84	31.38	31.43	30.36
36.04	210	122	47.06	32.13	31.82	31.26	31.33	30.3
37.06	223	123	48.14	32.15	31.78	31.22	31.25	30.19
38.24	232	124.1	49.18	32.18	31.81	31.19	31.21	30.17
39.46	240	125.2	50.17	32.3	31.88	31.18	31.18	30.13
40.79	245	126.3	51.1	32.43	31.98	31.19	31.12	30.09
42.16	247	127.3	51.95	32.64	32.1	31.21	31.14	30.07
43.58	246	128.4	52.71	32.85	32.26	31.27	31.13	30.04
44.92	244	129.5	53.37	33.09	32.46	31.37	31.15	30.04
46.32	239	130.5	53.93	33.36	32.66	31.48	31.17	30.02
47.77	230	131.6	54.38	33.71	32.9	31.56	31.21	30.04
49	222	132.7	54.71	34.02	33.14	31.7	31.28	30.07
50.3	209	133.8	54.91	34.38	33.43	31.86	31.35	30.1
51.51	194	134.8	55	34.71	33.71	32.03	31.45	30.15
52.57	179	135.9	54.96	35.09	33.99	32.22	31.54	30.19
53.62	161	137	54.79	35.45	34.29	32.41	31.67	30.26
54.47	143	138	54.5	35.79	34.55	32.61	31.79	30.32
55.26	122	139.1	54.09	36.17	34.87	32.84	31.98	30.47
56.04	98	140.2	53.57	36.91	35.79	33.74	32.7	31.22
57.56	58	141.2	52.94	37.52	36.07	34.26	33.05	31.54
57.49	42	142.3	52.2	37.8	36.36	34.14	33.08	31.4
57.88	15	143.4	51.38	38.14	36.68	34.45	33.27	31.58
58.02	-19	144.5	50.48	38.5	36.99	34.7	33.5	31.73
57.89	-64	145.5	49.51	38.76	37.22	34.91	33.7	31.89
57.37	-100	146.6	48.48	38.93	37.34	35.06	33.78	31.94
56.74	-135	147.7	47.41	39.12	37.58	35.25	33.97	32.08
56.1	-171	148.7	46.31	39.28	37.71	35.41	34.09	32.17
55.32	-204	149.8	45.19	39.4	37.83	35.56	34.22	32.27
54.38	-232	150.9	44.07	39.48	38.03	35.71	34.42	32.47
53.46	-255	152	42.96	39.49	38.02	35.81	34.52	32.55
52.37	-255	153	41.87	39.47	37.99	35.88	34.63	32.67
51.22	-255	154.1	40.83	39.47	37.99	35.92	34.7	32.75
49.89	-255	155.2	39.84	39.29	37.98	36.01	34.76	32.86
48.47	-255	156.3	38.91	39.12	37.85	35.96	34.81	32.85
47.41	-255	157.3	38.06	38.94	37.69	35.94	34.84	32.89
46.15	-255	158.4	37.3	38.71	37.55	35.9	34.83	32.95
44.98	-255	159.5	36.63	38.47	37.37	35.81	34.84	32.99
43.78	-255	160.5	36.07	38.22	37.18	35.75	34.82	33.01
42.63	-255	161.6	35.62	37.86	36.98	35.68	37.76	33.02
41.43	-255	162.7	35.29	37.67	36.78	35.54	37.75	33.04
40.44	-255	163.8	35.08	37.39	36.59	35.44	37.7	33.07
39.4	-255	164.8	35	37.09	36.37	35.32	37.65	33.06
38.41	-250	165.9	35.04	36.81	36.13	35.19	37.53	33.04
37.43	-217	167	35.21	36.5	35.88	35.03	37.47	33.04
36.47	-179	168.1	35.51	36.2	35.67	34.88	37.44	33.01
35.59	-136	169.1	35.92	35.89	35.44	34.75	37.31	32.97
34.75	-89	170.2	36.44	35.58	35.19	34.58	37.22	32.94
34.16	-43	171.3	37.08	35.3	34.95	34.44	37.13	32.89
33.59	4	172.3	37.81	35.01	34.66	34.23	37.03	32.83
33.13	31	173.4	38.63	34.69	34.43	34.06	36.92	32.76
32.93	56	174.5	39.53	34.44	34.2	33.85	36.82	32.7
32.68	84	175.5	40.5	34.19	33.91	33.64	36.61	32.61
32.83	108	176.6	41.53	33.88	33.74	33.48	36.51	32.49
33.05	132	177.7	42.6	33.7	33.54	33.31	36.36	32.41
33.48	153	178.8	43.7	33.5	33.39	33.17	36.26	32.34
34.09	173	179.8	44.82	33.37	33.24	33.02	36.13	32.23
34.85	191	180.9	45.93	33.31	33.15	32.89	36	32.17
35.76	206	182	47.04	33.21	33.08	32.8	35.89	32.07
36.81	219	183	48.13	33.23	33.05	32.73	35.81	32.01
38	229	184.1	49.17	33.27	33.08	32.66	35.73	31.93
39.19	238	185.2	50.16	33.35	33.11	32.63	35.68	31.88
40.57	242	186.2	51.09	33.47	33.18	32.62	35.62	31.82
41.81	246	187.3	51.93	33.65	33.33	32.64	35.61	31.77
43.3	245	188.4	52.7	33.87	33.47	32.67	35.59	31.75
44.8	241	189.5	53.36	34.13	33.66	32.77	35.63	31.72
46.11	237	190.5	53.92	34.41	33.87	32.85	35.65	31.74
47.57	228	191.6	54.37	34.72	34.1	32.95	35.68	31.7
48.84	219	192.7	54.7	35	34.37	33.11	35.75	31.76
50.23	205	193.7	54.91	35.38	34.58	33.24	35.77	31.78
51.35	192	194.8	55	35.69	34.84	33.44	35.88	31.79
52.53	175	195.9	54.96	36.07	35.18	33.6	35.99	31.85
53.65	156	197	54.79	36.39	35.45	33.8	36.07	31.94
54.45	138	198	54.5	36.78	35.74	33.99	36.18	31.97
55.38	115	199.1	54.1	37.13	36	34.18	36.32	32.04
55.92	95	200.2	53.57	37.51	36.29	34.4	36.44	32.12
56.34	75	201.2	52.94	37.82	36.57	34.6	36.59	32.2
56.82	50	202.3	52.21	38.15	36.79	34.78	36.74	32.32
57	28	203.4	51.39	38.46	37.11	35.04	36.88	32.42
57.14	4	204.4	50.49	38.73	37.38	35.25	37.08	32.53
56.96	-33	205.5	49.53	38.98	37.62	35.47	37.2	32.64
56.67	-75	206.6	48.5	39.18	37.81	35.64	37.38	32.78
56.29	-116	207.7	47.43	39.39	38	35.84	37.52	32.86
55.63	-151	208.7	46.33	39.52	38.13	35.97	37.66	32.97
54.92	-185	209.8	45.21	39.67	38.29	36.17	37.77	33.08
54.13	-217	210.9	44.09	39.77	38.39	36.26	37.9	33.17
53.18	-245	211.9	42.98	39.75	38.39	36.33	38	33.23
52.01	-255	213	41.89	39.75	38.45	36.39	38.12	33.31
50.91	-255	214.1	40.84	39.67	38.41	36.48	38.18	33.42
49.75	-255	215.2	39.85	39.63	38.39	36.5	38.26	33.51
48.57	-255	216.2	38.92	39.51	38.29	36.51	38.3	33.59
47.33	-255	217.3	38.07	39.35	38.17	36.5	38.34	33.63
46.11	-255	218.4	37.31	39.16	38.09	36.46	38.35	33.7
44.91	-255	219.5	36.64	38.93	37.9	36.42	38.36	33.73
43.86	-255	220.5	36.08	38.71	37.7	36.34	38.36	33.79
42.72	-255	221.6	35.63	38.46	37.53	36.26	38.38	33.8
41.52	-255	222.7	35.3	38.15	37.35	36.16	38.34	33.8
40.51	-255	223.7	35.09	37.89	37.13	36.08	38.31	33.82
39.48	-255	224.8	35	37.6	36.91	35.95	38.26	33.82
38.54	-246	225.9	35.04	37.29	36.68	35.81	38.17	33.78
37.45	-211	227	35.21	36.99	36.42	35.64	38.08	33.78
36.57	-175	228	35.5	36.66	36.2	35.52	38.03	33.72
35.66	-132	229.1	35.91	36.39	35.96	35.32	37.93	33.71
34.94	-89	230.2	36.43	36.04	35.65	35.18	37.79	33.64
34.17	-37	231.2	37.07	35.76	35.45	35	37.72	33.6
33.73	5	232.3	37.8	35.44	35.19	34.84	37.59	33.56
33.28	31	233.4	38.62	35.14	34.95	34.64	37.5	33.49
33	57	234.5	39.52	34.86	34.71	34.45	37.38	33.41
32.93	82	235.5	40.49	34.6	34.48	34.26	37.26	33.32
32.93	108	236.6	41.51	34.36	34.25	34.1	37.12	33.22
33.21	131	237.7	42.58	34.16	34.08	33.91	36.98	33.14
33.63	153	238.7	43.68	33.96	33.93	33.74	36.88	33.06
34.31	171	239.8	44.8	33.86	33.79	33.66	36.77	32.98
35.08	189	240.9	45.92	33.77	33.72	33.5	36.64	32.87
36.05	203	241.9	47.03	33.73	33.64	33.4	36.54	32.78
36.88	219	243	48.11	33.68	33.57	33.28	36.42	32.66
37.97	230	244.1	49.15	33.71	33.58	33.22	36.31	32.59
39.16	239	245.2	50.14	33.81	33.6	33.18	36.26	32.53
40.47	244	246.2	51.07	33.94	33.68	33.14	36.18	32.43
41.89	246	247.3	51.92	34.08	33.8	33.18	36.16	32.37
43.37	245	248.4	52.69	34.29	33.95	33.21	36.1	32.37
44.86	240	249.4	53.35	34.53	34.16	33.29	36.16	32.33
46.25	235	250.5	53.92	34.85	34.35	33.32	36.16	32.31
47.5	230	251.6	54.37	35.11	34.54	33.46	36.1	32.38
49.32	212	252.7	54.7	35.19	34.71	33.81	36.54	32.47
50.33	204	253.7	54.91	35.73	35.1	33.7	36.26	32.38
51.45	191	254.8	55	36.16	35.4	33.89	36.39	32.42
52.55	175	255.9	54.96	36.48	35.62	34.1	36.46	32.42
53.54	158	256.9	54.8	36.87	35.91	34.3	36.56	32.46
54.35	140	258	54.51	37.2	36.21	34.47	36.68	32.55
55.22	118	259.1	54.1	37.56	36.5	34.67	36.82	32.63
55.99	95	260.1	53.58	37.92	36.79	34.89	36.96	32.67
56.54	72	261.2	52.95	38.26	37.04	35.09	37.09	32.77
56.86	50	262.3	52.23	38.56	37.3	35.3	37.21	32.86
56.94	30	263.4	51.41	38.87	37.56	35.49	37.36	32.94
57.13	5	264.4	50.51	39.13	37.81	35.69	37.5	33.04
56.91	-30	265.5	49.54	39.37	38.04	35.9	37.65	33.17
56.74	-76	266.6	48.51	39.56	38.26	36.06	37.8	33.32
56.32	-116	267.6	47.45	39.72	38.4	36.25	37.94	33.34
55.8	-155	268.7	46.34	39.88	38.52	36.37	38.05	33.46
54.96	-186	269.8	45.22	39.95	38.65	36.51	38.21	33.54
54.2	-219	270.9	44.1	40.06	38.72	36.64	38.28	33.67
53.09	-241	271.9	42.99	40.05	38.79	36.74	38.47	33.76
52.25	-255	273	41.91	40.05	38.78	36.81	38.54	33.83
50.9	-255	274.1	40.86	40	38.78	36.86	38.42	33.82
49.83	-255	275.1	39.87	39.83	38.63	36.84	38.57	33.93
48.6	-255	276.2	38.94	39.74	38.6	36.85	38.66	34.02
47.26	-255	277.3	38.09	39.58	38.51	36.87	38.72	34.1
46.21	-255	278.4	37.32	39.44	38.43	36.88	38.78	34.15
45.1	-255	279.4	36.65	39.15	38.29	36.82	38.79	34.21
44.08	-255	280.5	36.09	39	38.11	36.76	38.78	34.25
42.87	-255	281.6	35.63	38.77	37.93	36.69	38.76	34.29
41.58	-255	282.7	35.3	38.49	37.72	36.59	38.75	34.3
40.71	-255	283.7	35.09	38.22	37.56	36.5	38.72	34.31
39.54	-255	284.8	35	37.94	37.31	36.38	38.66	34.32
38.56	-249	285.9	35.04	37.63	37.06	36.22	38.61	34.28
37.7	-221	286.9	35.21	37.31	36.85	36.07	38.51	34.28
36.67	-181	288	35.5	37.03	36.6	35.94	38.44	34.22
35.75	-138	289.1	35.9	36.7	36.34	35.75	38.33	34.15
34.98	-93	290.2	36.43	36.43	36.07	35.61	38.22	34.16
34.26	-44	291.2	37.06	36.07	35.81	35.41	38.12	34.05
33.71	3	292.3	37.78	35.72	35.54	35.21	38.04	34.02
33.37	28	293.4	38.6	35.45	35.29	35	37.9	33.94
33.09	54	294.4	39.5	35.19	35.01	34.82	37.79	33.87
32.85	81	295.5	40.47	34.89	34.74	34.63	37.62	33.73
33.09	103	296.6	41.5	34.55	34.64	34.49	37.53	33.68
33.22	128	297.7	42.56	34.41	34.42	34.34	37.39	33.58
33.63	151	298.7	43.67	34.24	34.24	34.16	37.29	33.46
34.2	171	299.8	44.78	34.11	34.11	33.98	37.12	33.42
35.05	187	300.9	45.9	34.09	34.04	33.87	37.15	33.36
35.66	207	301.9	47.01	33.87	33.93	33.79	37.02	33.28
36.7	220	303	48.09	33.86	33.79	33.39	36.95	33.17
37.96	229	304.1	49.14	33.82	33.85	33.64	36.68	33.03
39.3	235	305.1	50.13	34.05	34	33.67	36.74	33.09
40.55	241	306.2	51.06	34.28	34.04	33.66	36.6	32.9
41.99	243	307.3	51.91	34.37	34.13	33.57	36.54	32.9
43.29	244	308.4	52.68	34.56	34.25	33.64	36.54	32.85
44.84	239	309.4	53.34	34.8	34.46	33.66	36.53	32.82
46.12	236	310.5	53.91	35.09	34.66	33.79	36.57	32.8
47.57	227	311.6	54.36	35.37	34.92	33.87	36.6	32.78
48.84	218	312.6	54.7	35.7	35.16	34	36.68	32.83
50.25	204	313.7	54.91	36.03	35.42	34.16	36.74	32.81
51.39	191	314.8	55	36.41	35.69	34.35	36.83	32.87
52.7	172	315.8	54.96	36.79	36.01	34.5	36.88	32.85
53.54	157	316.9	54.8	37.13	36.24	34.68	36.98	32.93
54.46	137	318	54.51	37.45	36.54	34.87	37.09	32.98
55.16	118	319.1	54.11	37.88	36.78	35.11	37.21	33.11
55.83	97	320.1	53.59	38.16	37.11	35.3	37.32	33.14
56.39	74	321.2	52.96	38.52	37.38	35.47	37.44	33.23
56.77	51	322.3	52.24	38.82	37.64	35.71	37.62	33.32
56.97	29	323.3	51.42	39.14	37.9	35.9	37.74	33.42
57.07	5	324.4	50.52	39.41	38.15	36.12	37.94	33.52
57.01	-35	325.5	49.55	39.66	38.38	36.32	38.11	33.61
56.78	-78	326.6	48.53	39.88	38.54	36.46	38.25	33.73
56.25	-115	327.6	47.46	40.01	38.7	36.62	38.35	33.81
55.66	-151	328.7	46.36	40.18	38.84	36.76	38.48	33.91
54.97	-186	329.8	45.24	40.28	38.95	36.89	38.6	34.02
54.02	-213	330.8	44.12	40.3	39.04	37.01	38.74	34.11
53.29	-248	331.9	43.01	40.36	39.1	37.13	38.87	34.2
52.04	-255	333	41.92	40.35	39.1	37.21	38.96	34.3
51.02	-255	334.1	40.88	40.32	39.15	37.26	39.03	34.4
49.85	-255	335.1	39.88	40.25	39.1	37.32	39.12	34.48
48.66	-255	336.2	38.95	40.13	39.03	37.33	39.17	34.54
47.44	-255	337.3	38.1	39.99	38.93	37.33	39.23	34.61
46.21	-255	338.3	37.33	39.87	38.8	37.32	39.3	34.72
45.18	-255	339.4	36.66	39.61	38.69	37.26	39.24	34.72
44	-255	340.5	36.09	39.39	38.5	37.2	39.27	34.76
42.79	-255	341.6	35.64	39.14	38.33	37.14	39.22	34.81
41.74	-255	342.6	35.3	38.89	38.14	36.99	39.24	34.81
40.61	-255	343.7	35.09	38.65	37.9	36.93	39.21	34.79
39.81	-255	344.8	35	38.41	37.8	36.73	39.18	34.8
38.67	-255	345.9	35.04	38.06	37.52	36.64	39.06	34.8
37.65	-222	346.9	35.2	37.72	37.22	36.49	39	34.76
36.73	-185	348	35.49	37.43	36.98	36.36	38.92	34.73
35.89	-145	349.1	35.9	37.1	36.76	36.21	38.85	34.66
35.07	-99	350.1	36.42	36.79	36.51	35.99	38.67	34.61
34.32	-48	351.2	37.05	36.5	36.24	35.84	38.64	34.58
33.74	1	352.3	37.77	36.17	35.97	35.67	38.56	34.51
33.35	27	353.4	38.59	35.89	35.73	35.49	38.42	34.45
33.05	53	354.4	39.49	35.61	35.51	35.31	38.31	34.37
32.93	79	355.5	40.46	35.33	35.27	35.09	38.14	34.28
32.96	104	356.6	41.48	35.09	35.03	34.92	38.03	34.18
33.09	129	357.6	42.55	34.87	34.85	34.76	37.87	34.09
33.57	150	358.7	43.65	34.68	34.68	34.61	37.78	33.99
34.09	171	359.8	44.77	34.57	34.5	34.46	37.64	33.93
34.9	188	360.8	45.89	34.47	34.42	34.31	37.52	33.83
35.82	203	361.9	47	34.38	34.36	34.2	37.44	33.76
36.86	216	363	48.08	34.38	34.35	34.12	37.3	33.64
38.01	227	364.1	49.12	34.43	34.32	34.07	37.32	33.61
39.18	236	365.1	50.12	34.6	34.41	34.01	37.1	33.45
40.28	245	366.2	51.05	34.67	34.48	34.05	37.15	33.28
42.15	239	367.3	51.9	34.82	34.59	33.89	37.17	33.35
43.37	241	368.3	52.66	34.96	34.71	34.03	37.08	33.36
44.74	239	369.4	53.34	35.28	34.69	33.18	32.33	31.34
43.05	255	370.5	53.9	33.37	32.37	32.32	32	31.44
43.67	255	371.6	54.36	33.14	32.04	31.58	31.83	31.95
47.13	254	372.6	54.69	34.96	34.35	33.25	32.91	32.1
48.36	245	373.7	54.91	35.17	34.56	33.37	32.95	32.13
49.75	230	374.8	55	35.5	34.78	33.51	33	32.2
51.2	210	375.8	54.96	35.95	35.13	33.72	33.1	32.19
52.3	192	376.9	54.8	36.26	35.38	33.84	33.16	32.18
53.2	174	378	54.52	36.55	35.62	33.99	33.2	32.12
53.99	155	379	54.12	36.78	35.74	33.86	33.26	32.18
54.56	137	380.1	53.6	37.24	36.25	34.47	33.54	32.4
55.93	101	381.2	52.97	37.72	36.61	34.66	33.62	32.45
56.6	74	382.3	52.25	38.12	36.92	34.89	33.84	32.58
56.93	49	383.3	51.43	38.4	37.15	35.11	33.95	32.65
57.27	22	384.4	50.53	38.75	37.43	35.33	34.13	32.77
57.31	-5	385.5	49.57	39.02	37.7	35.55	34.31	32.89
57.19	-53	386.5	48.54	39.3	37.94	35.77	34.46	33.01
56.85	-97	387.6	47.47	39.5	38.19	35.96	34.6	33.11
56.33	-137	388.7	46.37	39.69	38.33	36.15	34.75	33.24
55.68	-175	389.8	45.25	39.86	38.47	36.31	34.91	33.34
54.87	-208	390.8	44.13	39.97	38.58	36.46	35.02	33.42
53.93	-238	391.9	43.02	40.03	38.66	36.56	35.12	33.45
52.76	-255	393	41.93	40.02	38.68	36.71	35.26	33.66
51.78	-255	394	40.88	40.05	38.74	36.76	35.28	33.66
50.63	-255	395.1	39.89	39.88	38.7	36.87	35.43	33.79
49.23	-255	396.2	38.96	39.83	38.71	36.82	35.57	33.94
48.1	-255	397.3	38.1	39.86	38.57	36.85	35.62	33.98
46.87	-255	398.3	37.34	39.63	38.54	36.89	35.68	34.07
45.77	-255	399.4	36.66	39.5	38.45	36.83	35.69	34.15
44.8	-255	400.5	36.1	39.47	38.38	36.96	35.91	34.38
43.66	-255	401.6	35.64	39.26	38.28	36.9	35.9	34.4
42.55	-255	402.6	35.31	38.99	38.09	36.88	35.9	34.43
41.47	-255	403.7	35.09	38.79	37.92	36.78	35.89	34.48
40.45	-255	404.8	35	38.52	37.72	36.69	35.87	34.5
39.44	-255	405.8	35.04	38.22	37.49	36.56	35.81	34.49
38.44	-239	406.9	35.2	37.92	37.26	36.43	35.76	34.47
37.5	-203	408	35.49	37.61	37.03	36.3	35.72	34.45
36.53	-160	409.1	35.89	37.33	36.83	36.17	35.64	34.45
35.74	-117	410.1	36.41	37.07	36.61	36.03	35.57	34.45
34.9	-65	411.2	37.04	36.66	36.29	35.82	35.45	34.33
34.25	-12	412.3	37.77	36.38	36.05	35.66	35.33	34.3
33.76	20	413.4	38.59	36.09	35.83	35.47	35.23	34.26
33.41	47	414.4	39.49	35.77	35.58	35.31	35.12	34.18
33.23	73	415.5	40.45	35.49	35.33	35.1	34.97	34.08
33.14	100	416.6	41.48	35.19	35.1	34.94	34.8	33.97
33.25	126	417.6	42.54	34.95	34.83	34.68	34.66	33.86
33.6	149	418.7	43.64	34.72	34.68	34.53	34.55	33.8
34.04	171	419.8	44.76	34.57	34.5	34.38	34.46	33.74
34.72	190	420.8	45.88	34.39	34.3	34.11	34.27	33.6
35.58	207	421.9	46.99	34.34	34.3	34.13	34.17	33.48
36.64	220	423	48.07	34.34	34.26	34.01	34.06	33.43
37.71	232	424.1	49.12	34.43	34.3	33.96	34	33.37
38.98	239	425.1	50.11	34.46	34.28	33.87	33.89	33.26
40.27	245	426.2	51.04	34.56	34.31	33.83	33.8	33.16
41.56	249	427.3	51.9	34.68	34.41	33.85	33.78	33.08
42.91	250	428.3	52.66	34.83	34.49	33.8	33.69	33.04
44.33	248	429.4	53.33	35.05	34.65	33.85	33.68	32.99
45.75	243	430.5	53.9	35.3	34.8	33.93	33.67	32.98
47.08	237	431.5	54.35	35.51	34.99	34.01	33.72	33
48.53	225	432.6	54.69	35.88	35.3	34.17	33.77	32.97
49.77	214	433.7	54.91	36.18	35.51	34.3	33.82	32.97
51.05	199	434.8	55	36.53	35.81	34.48	33.91	33.01
52.15	184	435.8	54.96	36.84	36.05	34.62	33.96	33.04
53.17	167	436.9	54.8	37.19	36.38	34.79	34.09	33.08
54.15	147	438	54.52	37.56	36.63	34.94	34.16	33.12
54.82	129	439	54.12	37.87	36.89	35.14	34.24	33.13
55.54	107	440.1	53.6	38.22	37.16	35.37	34.4	33.23
56.18	83	441.2	52.97	38.62	37.5	35.58	34.54	33.29
56.51	61	442.3	52.25	38.93	37.75	35.75	34.67	33.37
56.83	37	443.3	51.43	39.26	38.03	36.01	34.86	33.51
56.9	14	444.4	50.54	39.51	38.26	36.2	34.98	33.58
56.92	-19	445.5	49.57	39.76	38.48	36.36	35.12	33.69
56.72	-63	446.5	48.55	39.98	38.65	36.57	35.27	33.8
56.28	-103	447.6	47.48	40.16	38.83	36.69	35.38	33.9
55.67	-139	448.7	46.37	40.33	38.93	36.85	35.49	33.96
54.98	-174	449.8	45.26	40.35	39.03	36.95	35.59	34.06
54.24	-208	450.8	44.14	40.43	39.15	37.11	35.76	34.16
53.28	-235	451.9	43.02	40.42	39.18	37.18	35.81	34.24
52.12	-255	453	41.94	40.35	39.11	37.16	35.68	34.06
51.04	-255	454	40.89	40.27	38.96	37.16	35.87	34.27
49.71	-255	455.1	39.9	40.08	38.99	37.21	35.92	34.42
48.76	-255	456.2	38.96	40.16	39.06	37.35	36.1	34.53
47.58	-255	457.3	38.11	40.04	39.01	37.39	36.19	34.64
46.47	-255	458.3	37.34	39.93	38.9	37.37	36.23	34.68
45.19	-255	459.4	36.67	39.7	38.77	37.36	36.28	34.77
44.16	-255	460.5	36.1	39.51	38.61	37.29	36.2	34.78
43.01	-255	461.5	35.65	39.19	38.4	37.2	36.19	34.78
41.87	-255	462.6	35.31	38.97	38.23	37.11	36.24	34.81
40.86	-255	463.7	35.09	38.71	38.03	37.02	36.21	34.84
39.83	-255	464.8	35	38.43	37.83	36.91	36.18	34.84
38.84	-251	465.8	35.04	38.14	37.6	36.78	36.11	34.85
37.87	-220	466.9	35.2	37.84	37.38	36.68	36.05	34.83
36.92	-183	468	35.48	37.57	37.11	36.49	35.95	34.79
35.98	-140	469.1	35.89	37.23	36.84	36.3	35.87	34.72
35.15	-94	470.1	36.41	36.87	36.61	36.15	35.76	34.71
34.51	-48	471.2	37.04	36.66	36.48	36.12	35.81	34.77
34.03	-0	472.3	37.76	36.39	36.26	35.95	35.71	34.73
33.58	26	473.3	38.58	36.11	36.03	35.79	35.63	34.7
33.3	51	474.4	39.48	35.82	35.77	35.6	35.53	34.62
33.16	77	475.5	40.44	35.57	35.58	35.42	35.36	34.55
33.12	103	476.5	41.47	35.31	35.34	35.25	35.25	34.45
33.32	127	477.6	42.53	35.1	35.14	35.06	35.11	34.35
33.65	151	478.7	43.63	34.91	34.98	34.89	34.98	34.25
34.2	171	479.8	44.75	34.78	34.83	34.73	34.84	34.17
34.93	189	480.8	45.87	34.68	34.7	34.6	34.7	34.07
35.75	206	481.9	46.98	34.59	34.61	34.45	34.56	33.96
36.75	220	483	48.06	34.55	34.55	34.35	34.47	33.84
37.8	232	484	49.11	34.52	34.49	34.26	34.37	33.77
39.03	240	485.1	50.1	34.63	34.57	34.2	34.29	33.67
40.33	246	486.2	51.03	34.74	34.61	34.17	34.22	33.6
41.63	250	487.3	51.89	34.89	34.72	34.21	34.2	33.55
43.05	249	488.3	52.65	35.08	34.82	34.18	34.13	33.47
44.4	248	489.4	53.33	35.28	34.94	34.19	34.06	33.39
45.7	245	490.5	53.89	35.44	35.05	34.22	34	33.31
47	239	491.5	54.35	35.65	35.3	34.32	34	33.32
48.33	230	492.6	54.69	35.98	35.44	34.34	34	33.23
49.63	218	493.7	54.9	36.33	35.71	34.48	34.04	33.23
50.92	204	494.7	55	36.63	35.96	34.65	34.14	33.27
52.1	187	495.8	54.96	37.03	36.25	34.82	34.26	33.32
53.21	168	496.9	54.81	37.37	36.51	35	34.32	33.39
54.17	149	498	54.52	37.74	36.83	35.23	34.5	33.44
54.91	129	499	54.12	38.09	37.14	35.41	34.57	33.54
55.68	106	500.1	53.61	38.48	37.4	35.66	34.69	33.58
56.23	84	501.2	52.98	38.81	37.68	35.85	34.85	33.7
56.7	60	502.2	52.26	39.13	38.01	36.06	34.99	33.78
56.91	37	503.3	51.44	39.44	38.25	36.22	35.21	33.83
57	14	504.4	50.55	39.74	38.51	36.49	35.37	33.98
56.99	-18	505.5	49.58	39.94	38.77	36.72	35.47	34.09
56.89	-66	506.5	48.56	40.23	38.92	36.92	35.68	34.14
56.33	-102	507.6	47.49	40.42	39.18	37.05	35.77	34.25
55.87	-143	508.7	46.39	40.54	39.37	37.25	35.97	34.31
55.04	-173	509.7	45.27	40.57	39.38	37.33	36.03	34.41
54.33	-209	510.8	44.15	40.8	39.55	37.52	36.13	34.57
53.66	-246	511.9	43.04	40.87	39.58	37.66	36.28	34.68
52.34	-255	513	41.95	40.81	39.6	37.67	36.4	34.77
51.36	-255	514	40.9	40.79	39.57	37.67	36.39	34.79
50.23	-255	515.1	39.91	40.72	39.54	37.64	36.59	34.98
48.98	-255	516.2	38.97	40.65	39.45	37.75	36.56	35
47.87	-255	517.2	38.12	40.56	39.46	37.85	36.66	35.09
46.68	-255	518.3	37.35	40.4	39.37	37.79	36.67	35.19
45.42	-255	519.4	36.67	40.11	39.23	37.84	36.77	35.23
44.34	-255	520.5	36.11	39.98	38.99	37.7	36.75	35.32
43.24	-255	521.5	35.65	39.7	38.82	37.69	36.77	35.28
42.06	-255	522.6	35.31	39.47	38.68	37.53	36.76	35.35
41	-255	523.7	35.09	39.19	38.47	37.42	36.72	35.31
40.02	-255	524.8	35	38.87	38.22	37.38	36.6	35.4
39	-255	525.8	35.04	38.62	37.97	37.25	36.54	35.37
38	-231	526.9	35.2	38.29	37.78	37.07	36.5	35.3
37.05	-194	528	35.48	37.99	37.55	36.93	36.43	35.26
36.13	-152	529	35.89	37.66	37.35	36.75	36.34	35.27
35.33	-107	530.1	36.4	37.35	37.12	36.61	36.29	35.23
34.63	-59	531.2	37.03	37.04	36.84	36.46	36.19	35.19
34.02	-8	532.3	37.75	36.77	36.62	36.32	36.09	35.12
33.57	22	533.3	38.57	36.46	36.36	36.11	35.97	35.07
33.19	49	534.4	39.47	36.16	36.09	35.93	35.86	35
33.01	76	535.5	40.43	35.86	35.83	35.72	35.7	34.9
33.03	101	536.5	41.46	35.61	35.6	35.53	35.55	34.8
33.18	126	537.6	42.52	35.36	35.37	35.32	35.39	34.67
33.56	149	538.7	43.62	35.15	35.19	35.15	35.24	34.57
34.04	171	539.8	44.74	34.98	35.02	34.99	35.12	34.46
34.76	189	540.8	45.86	34.85	34.89	34.85	34.98	34.36
35.55	207	541.9	46.97	34.77	34.82	34.71	34.88	34.26
36.61	219	543	48.05	34.75	34.78	34.62	34.79	34.22
37.68	231	544	49.1	34.75	34.75	34.58	34.68	34.12
38.9	240	545.1	50.09	34.81	34.77	34.48	34.6	34.03
40.21	245	546.2	51.02	34.92	34.81	34.46	34.56	33.95
41.49	250	547.2	51.88	35.04	34.88	34.38	34.41	33.86
42.9	250	548.3	52.65	35.2	34.97	34.38	34.36	33.78
44.3	248	549.4	53.32	35.41	35.11	34.4	34.33	33.7
45.68	244	550.5	53.89	35.62	35.27	34.48	34.32	33.68
47.11	236	551.5	54.35	35.94	35.52	34.59	34.33	33.62
48.34	228	552.6	54.68	36.16	35.69	34.63	34.33	33.6
49.69	216	553.7	54.9	36.43	35.92	34.75	34.36	33.59
50.81	204	554.7	55	36.81	36.15	34.87	34.42	33.57
51.92	189	555.8	54.96	37.11	36.43	35.07	34.5	33.58
53	171	556.9	54.81	37.54	36.76	35.27	34.64	33.7
54.02	150	557.9	54.53	37.94	37.06	35.5	34.78	33.76
54.9	129	559	54.13	38.26	37.38	35.68	34.9	33.82
55.62	107	560.1	53.61	38.65	37.66	35.9	35	33.88
56.22	83	561.2	52.99	38.97	37.91	36.08	35.12	33.95
56.65	60	562.2	52.27	39.29	38.18	36.27	35.23	34.04
56.86	37	563.3	51.45	39.59	38.42	36.48	35.39	34.12
57.02	13	564.4	50.56	39.89	38.67	36.69	35.53	34.23
56.96	-18	565.4	49.59	40.15	38.91	36.88	35.69	34.33
56.76	-63	566.5	48.57	40.37	39.1	37.09	35.87	34.44
56.44	-106	567.6	47.5	40.59	39.28	37.24	35.99	34.54
55.81	-142	568.7	46.4	40.73	39.45	37.39	36.11	34.6
55.12	-177	569.7	45.28	40.8	39.55	37.52	36.19	34.69
54.32	-210	570.8	44.16	40.89	39.63	37.62	36.33	34.88
53.45	-240	571.9	43.05	40.96	39.71	37.75	36.45	34.91
52.41	-255	573	41.96	40.94	39.7	37.86	36.54	35.02
51.31	-255	574	40.91	40.85	39.68	37.97	36.63	35.1
50.14	-255	575.1	39.91	40.78	39.64	37.97	36.67	35.17
48.96	-255	576.2	38.98	40.65	39.61	37.93	36.77	35.21
47.79	-255	577.2	38.12	40.52	39.53	37.97	36.81	35.28
46.65	-255	578.3	37.35	40.37	39.42	37.94	36.85	35.37
45.46	-255	579.4	36.68	40.15	39.31	37.94	36.89	35.43
44.23	-255	580.5	36.11	39.93	39.14	37.88	36.9	35.46
43.14	-255	581.5	35.65	39.71	38.97	37.79	36.92	35.52
42.06	-255	582.6	35.31	39.45	38.81	37.75	36.9	35.54
41.02	-255	583.7	35.1	39.19	38.63	37.66	36.9	35.58
39.95	-255	584.7	35	38.93	38.4	37.55	36.86	35.58
38.95	-255	585.8	35.04	38.65	38.18	37.39	36.78	35.56
37.94	-228	586.9	35.2	38.36	37.94	37.23	36.72	35.49
37.01	-193	588	35.48	38.05	37.67	37.08	36.62	35.46
36.05	-149	589	35.88	37.72	37.4	36.92	36.51	35.44
35.4	-109	590.1	36.4	37.38	37.19	36.75	36.43	35.42
34.64	-59	591.2	37.02	37.09	36.89	36.59	36.32	35.36
33.92	-4	592.3	37.75	36.77	36.66	36.39	36.23	35.29
33.49	24	593.3	38.56	36.47	36.42	36.25	36.14	35.24
33.16	50	594.4	39.46	36.16	36.16	36.05	36	35.16
33	76	595.5	40.42	35.89	35.9	35.84	35.85	35.04
33.03	102	596.5	41.45	35.62	35.68	35.64	35.7	34.95
33.13	127	597.6	42.52	35.36	35.44	35.45	35.54	34.85
33.53	149	598.7	43.61	35.18	35.26	35.27	35.41	34.74
34.08	170	599.7	44.73	35.01	35.12	35.09	35.25	34.63
34.74	190	600.8	45.85	34.88	34.99	34.94	35.11	34.48
35.6	206	601.9	46.96	34.79	34.88	34.82	35.01	34.41
36.61	220	603	48.05	34.77	34.86	34.71	34.89	34.32
37.67	232	604	49.09	34.78	34.82	34.63	34.77	34.23
38.98	239	605.1	50.09	34.84	34.85	34.59	34.69	34.14
40.19	246	606.2	51.02	34.94	34.9	34.56	34.64	34.06
41.52	250	607.2	51.87	35.09	35	34.55	34.56	33.96
42.91	250	608.3	52.64	35.27	35.12	34.56	34.54	33.91
44.19	250	609.4	53.32	35.53	35.34	34.62	34.47	33.9
45.68	244	610.4	53.89	35.76	35.46	34.69	34.54	33.86
47.18	235	611.5	54.34	36.02	35.68	34.76	34.56	33.84
48.36	228	612.6	54.68	36.35	35.93	34.87	34.51	33.82
49.75	215	613.7	54.9	36.65	36.11	34.95	34.56	33.79
50.86	203	614.7	55	36.94	36.33	35.14	34.63	33.82
52.12	185	615.8	54.96	37.35	36.63	35.26	34.7	33.85
53.25	166	616.9	54.81	37.71	36.93	35.44	34.79	33.9
54.04	149	617.9	54.53	38.09	37.2	35.63	34.91	33.91
54.88	129	619	54.13	38.44	37.51	35.81	35.03	33.98
55.69	105	620.1	53.62	38.75	37.77	36.07	35.15	34.06
56.17	84	621.2	52.99	39.1	38.08	36.24	35.32	34.18
56.64	60	622.2	52.27	39.43	38.31	36.46	35.43	34.23
56.91	36	623.3	51.46	39.75	38.59	36.62	35.54	34.34
56.68	19	624.4	50.56	39.93	38.91	36.91	35.73	34.32
56.95	-18	625.4	49.6	40.2	39.04	37.01	35.77	34.61
56.61	-57	626.5	48.57	40.64	39.39	37.42	36.05	34.56
56.4	-105	627.6	47.51	40.61	39.36	37.4	36.23	34.67
55.86	-143	628.7	46.4	40.76	39.55	37.61	36.48	34.81
55.09	-176	629.7	45.29	40.82	39.72	37.75	36.42	34.95
54.61	-219	630.8	44.17	40.99	39.85	37.8	36.56	34.99
53.37	-237	631.9	43.05	41.04	39.84	37.89	36.65	35.07
52.37	-255	632.9	41.97	41.04	39.77	38.17	36.69	35.18
51.1	-255	634	40.92	41.09	39.93	37.92	36.97	35.49
50.01	-255	635.1	39.92	41.07	40.07	37.88	37.06	35.36
48.87	-255	636.2	38.99	40.81	39.93	38.16	36.91	35.49
47.94	-255	637.2	38.13	40.66	39.69	38.17	37.06	35.53
46.67	-255	638.3	37.36	40.47	39.6	38.11	37.06	35.58
45.5	-255	639.4	36.68	40.29	39.45	38.11	37.07	35.62
44.39	-255	640.4	36.11	40.1	39.26	38.04	37.09	35.64
43.15	-255	641.5	35.66	39.82	39.11	37.94	37.04	35.68
42.03	-255	642.6	35.32	39.59	38.91	37.85	37.05	35.68
40.98	-255	643.7	35.1	39.31	38.66	37.76	37	35.7
39.97	-255	644.7	35	38.99	38.44	37.62	36.93	35.68
38.96	-255	645.8	35.04	38.7	38.23	37.47	36.88	35.67
38.01	-231	646.9	35.19	38.39	37.98	37.35	36.8	35.67
37.04	-194	648	35.48	38.06	37.76	37.18	36.74	35.67
36.1	-151	649	35.88	37.74	37.54	37	36.64	35.62
35.26	-104	650.1	36.39	37.47	37.27	36.86	36.56	35.56
34.57	-56	651.2	37.02	37.12	37.02	36.73	36.49	35.5
33.94	-5	652.2	37.74	36.84	36.76	36.53	36.33	35.45
33.52	23	653.3	38.56	36.54	36.52	36.36	36.27	35.4
33.22	49	654.4	39.45	36.24	36.3	36.17	36.13	35.3
33.06	75	655.5	40.42	35.97	36.05	35.98	35.99	35.21
33.04	101	656.5	41.44	35.73	35.83	35.78	35.87	35.11
33.18	126	657.6	42.51	35.5	35.63	35.61	35.72	35.02
33.6	148	658.7	43.61	35.27	35.46	35.46	35.6	34.93
34.08	170	659.7	44.72	35.15	35.29	35.28	35.44	34.83
34.78	189	660.8	45.84	35.06	35.17	35.14	35.32	34.73
35.59	206	661.9	46.95	34.95	35.07	35	35.2	34.63
36.6	219	662.9	48.04	34.91	34.96	34.84	35.06	34.48
37.62	232	664	49.08	34.93	34.94	34.79	34.93	34.41
38.86	241	665.1	50.08	34.95	34.94	34.69	34.81	34.3
40.14	247	666.2	51.01	35.03	34.98	34.65	34.74	34.18
41.55	249	667.2	51.87	35.21	35.08	34.64	34.72	34.13
42.95	249	668.3	52.64	35.39	35.19	34.67	34.65	34.07
44.32	248	669.4	53.31	35.58	35.35	34.68	34.62	34.01
45.75	242	670.4	53.88	35.83	35.52	34.74	34.64	33.97
47.04	237	671.5	54.34	36.1	35.72	34.82	34.63	33.92
48.39	227	672.6	54.68	36.35	35.93	34.91	34.62	33.89
49.61	217	673.7	54.9	36.73	36.2	35.1	34.67	33.94
50.74	205	674.7	55	37.04	36.39	35.17	34.69	33.89
52.08	186	675.8	54.97	37.37	36.68	35.35	34.81	33.92
53.11	169	676.9	54.81	37.7	36.95	35.53	34.89	33.93
53.96	151	677.9	54.53	38	37.25	35.69	34.99	34.03
54.85	129	679	54.13	38.43	37.55	35.91	35.11	34.11
55.62	107	680.1	53.62	38.8	37.82	36.12	35.23	34.14
56.23	83	681.1	53	39.16	38.14	36.31	35.4	34.23
56.54	62	682.2	52.28	39.44	38.37	36.49	35.53	34.32
56.91	37	683.3	51.46	39.72	38.63	36.7	35.66	34.41
57	14	684.4	50.57	40.03	38.87	36.92	35.81	34.5
56.96	-18	685.4	49.61	40.31	39.11	37.12	35.97	34.61
56.8	-63	686.5	48.58	40.55	39.34	37.29	36.12	34.72
56.35	-102	687.6	47.52	40.71	39.5	37.47	36.24	34.82
55.79	-140	688.6	46.41	40.88	39.63	37.65	36.38	34.93
55.14	-177	689.7	45.3	41	39.74	37.74	36.49	34.98
54.32	-209	690.8	44.18	41.07	39.86	37.9	36.62	35.1
53.46	-239	691.9	43.06	41.12	39.92	38.02	36.73	35.21
52.35	-255	692.9	41.98	41.15	39.97	38.09	36.86	35.31
51.34	-255	694	40.93	41.09	39.96	38.18	36.96	35.42
50.2	-255	695.1	39.93	41.03	39.97	38.23	37.05	35.49
48.98	-255	696.2	38.99	40.96	39.92	38.25	37.1	35.59
47.79	-255	697.2	38.14	40.82	39.8	38.25	37.17	35.68
46.62	-255	698.3	37.37	40.64	39.72	38.27	37.21	35.72
45.52	-255	699.4	36.69	40.47	39.56	38.2	37.21	35.78
44.27	-255	700.4	36.12	40.27	39.41	38.16	37.21	35.8
43.21	-255	701.5	35.66	40	39.22	38.09	37.22	35.83
42.1	-255	702.6	35.32	39.76	39.04	38.01	37.2	35.87
41.04	-255	703.7	35.1	39.46	38.86	37.86	37.11	35.87
39.91	-255	704.7	35	39.21	38.59	37.76	37.13	35.84
39.02	-255	705.8	35.04	38.87	38.37	37.7	37.11	35.85
38.07	-233	706.9	35.19	38.57	38.11	37.49	37	35.84
37.19	-199	707.9	35.47	38.28	37.88	37.38	36.9	35.84
36.19	-154	709	35.87	37.99	37.67	37.17	36.82	35.81
35.37	-109	710.1	36.39	37.66	37.47	37.03	36.74	35.74
34.62	-59	711.2	37.01	37.35	37.14	36.85	36.63	35.67
33.96	-7	712.2	37.74	37.03	36.91	36.68	36.52	35.62
33.51	23	713.3	38.55	36.71	36.66	36.49	36.41	35.56
33.18	49	714.4	39.45	36.41	36.36	36.29	36.26	35.48
33	76	715.4	40.41	36.09	36.14	36.12	36.12	35.39
32.97	102	716.5	41.43	35.86	35.94	35.88	36	35.27
33.19	125	717.6	42.5	35.58	35.69	35.68	35.8	35.18
33.51	149	718.7	43.6	35.4	35.56	35.5	35.72	35.04
34.03	170	719.7	44.72	35.21	35.34	35.39	35.52	34.94
34.74	189	720.8	45.83	35.09	35.22	35.22	35.39	34.83
35.58	206	721.9	46.94	35.01	35.1	35.04	35.24	34.73
36.65	218	722.9	48.03	34.93	35.08	34.94	35.13	34.64
37.62	232	724	49.08	34.93	35	34.86	35.04	34.49
38.82	241	725.1	50.07	34.94	35.05	34.84	34.98	34.4
40.19	245	726.2	51	35.08	35.09	34.77	34.86	34.33
41.5	249	727.2	51.86	35.19	35.18	34.77	34.84	34.28
42.92	249	728.3	52.63	35.41	35.29	34.81	34.78	34.21
44.24	249	729.4	53.31	35.64	35.46	34.8	34.78	34.17
45.63	244	730.4	53.88	35.89	35.67	34.89	34.78	34.13
47.1	236	731.5	54.34	36.18	35.86	34.96	34.78	34.11
48.44	226	732.6	54.68	36.49	36.06	35.07	34.81	34.09
49.67	216	733.6	54.9	36.81	36.33	35.17	34.83	34.06
50.94	201	734.7	55	37.11	36.51	35.31	34.88	34.07
52.01	187	735.8	54.97	37.44	36.79	35.46	34.97	34.15
53.2	167	736.9	54.81	37.9	37.19	35.79	35.18	34.26
54.23	146	737.9	54.53	38.3	37.51	35.99	35.29	34.32
55.04	125	739	54.14	38.67	37.84	36.2	35.4	34.39
55.76	103	740.1	53.62	39.02	38.12	36.36	35.54	34.46
56.34	80	741.1	53	39.4	38.38	36.58	35.67	34.53
56.71	58	742.2	52.28	39.69	38.63	36.79	35.8	34.58
57.02	34	743.3	51.47	39.95	38.9	36.98	35.93	34.68
57.14	10	744.3	50.58	40.25	39.14	37.14	36.07	34.75
57	-22	745.4	49.61	40.53	39.32	37.34	36.23	34.88
56.78	-66	746.5	48.59	40.73	39.52	37.53	36.31	34.98
56.34	-105	747.6	47.52	40.92	39.71	37.7	36.45	35.08
55.88	-147	748.6	46.42	41.05	39.82	37.77	36.58	35.19
55.16	-181	749.7	45.31	41.19	39.94	37.95	36.67	35.22
54.3	-211	750.8	44.19	41.16	39.93	37.97	36.74	35.29
53.24	-235	751.9	43.07	41.19	40.02	38.15	36.86	35.35
52.37	-255	752.9	41.98	41.18	40.05	38.21	37	35.47
51.21	-255	754	40.94	41.07	40	38.24	37.03	35.54
50.07	-255	755.1	39.94	40.99	39.97	38.3	37.12	35.62
48.79	-255	756.1	39	40.81	39.88	38.24	37.14	35.64
47.6	-255	757.2	38.14	40.7	39.75	38.27	37.21	35.72
46.36	-255	758.3	37.37	40.48	39.65	38.24	37.2	35.74
45.21	-255	759.4	36.7	40.27	39.48	38.18	37.22	35.8
44.08	-255	760.4	36.12	40.07	39.35	38.14	37.23	35.84
42.91	-255	761.5	35.66	39.78	39.14	38.02	37.19	35.85
41.76	-255	762.6	35.32	39.5	38.95	37.94	37.18	35.86
40.82	-255	763.7	35.1	39.27	38.77	37.81	37.15	35.9
39.81	-255	764.7	35	38.97	38.54	37.71	37.12	35.87
38.77	-252	765.8	35.03	38.71	38.32	37.58	37.08	35.88
37.84	-222	766.9	35.19	38.39	38.09	37.47	36.97	35.88
36.87	-185	767.9	35.47	38.07	37.87	37.31	36.93	35.82
36.01	-144	769	35.87	37.77	37.6	37.2	36.83	35.8
35.05	-94	770.1	36.39	37.35	37.25	36.83	36.65	35.75
34.3	-44	771.2	37.01	37.26	36.99	36.88	36.52	35.74
33.88	1	772.2	37.73	36.85	36.87	36.66	36.54	35.64
33.44	27	773.3	38.54	36.58	36.62	36.51	36.41	35.55
33.07	54	774.4	39.44	36.23	36.41	36.27	36.29	35.52
33.03	78	775.4	40.4	35.98	36.08	36.1	36.11	35.4
33.03	104	776.5	41.42	35.73	35.87	35.92	35.97	35.3
33.21	128	777.6	42.49	35.53	35.68	35.71	35.83	35.17
33.56	151	778.6	43.59	35.32	35.48	35.54	35.7	35.05
34.15	171	779.7	44.7	35.16	35.36	35.39	35.55	34.95
34.82	190	780.8	45.82	35.02	35.23	35.19	35.4	34.85
35.72	205	781.9	46.93	34.93	35.13	35.12	35.31	34.71
36.73	219	782.9	48.02	34.88	35.04	35	35.17	34.65
37.79	231	784	49.06	34.89	35.07	34.91	35.07	34.57
39.07	238	785.1	50.06	35	35.07	34.87	35	34.49
40.28	245	786.1	51	35.1	35.12	34.82	34.95	34.4
41.63	249	787.2	51.85	35.28	35.21	34.76	34.89	34.33
43.03	249	788.3	52.62	35.44	35.39	34.83	34.82	34.28
44.45	246	789.3	53.3	35.64	35.46	34.84	34.79	34.17
45.68	245	790.4	53.87	35.97	35.64	34.91	34.75	34.13
47.1	237	791.5	54.33	36.16	35.87	34.98	34.77	34.1
48.45	227	792.6	54.68	36.46	36.04	35.09	34.75	34.1
49.89	213	793.6	54.9	36.76	36.34	35.24	34.88	34.1
51.05	200	794.7	55	37.07	36.64	35.32	34.85	34.11
52.24	184	795.8	54.97	37.41	36.93	35.55	34.98	34.18
52.96	171	796.8	54.81	37.84	37.07	35.68	35.08	34.2
54.04	150	797.9	54.54	38.17	37.4	35.89	35.21	34.22
54.87	129	799	54.14	38.51	37.69	36.07	35.3	34.28
55.54	108	800.1	53.63	38.89	38.02	36.33	35.51	34.41
56.18	84	801.1	53.01	39.27	38.3	36.51	35.61	34.48
56.66	60	802.2	52.29	39.6	38.58	36.73	35.74	34.57
56.98	36	803.3	51.48	39.92	38.83	36.92	35.87	34.66
57.01	14	804.3	50.59	40.2	39.08	37.15	36.05	34.77
57.03	-19	805.4	49.62	40.46	39.3	37.31	36.2	34.87
56.8	-63	806.5	48.6	40.66	39.47	37.52	36.31	34.96
56.39	-103	807.6	47.53	40.84	39.65	37.66	36.44	35.04
55.81	-140	808.6	46.43	41.02	39.81	37.81	36.6	35.16
55.2	-178	809.7	45.32	41.12	39.94	37.94	36.73	35.27
54.44	-212	810.8	44.2	41.2	40.05	38.1	36.86	35.36
53.47	-239	811.8	43.08	41.26	40.1	38.21	36.97	35.46
52.56	-255	812.9	41.99	41.28	40.18	38.31	37.08	35.56
51.42	-255	814	40.95	41.25	40.19	38.38	37.16	35.67
50.22	-255	815.1	39.95	41.2	40.13	38.44	37.24	35.74
49.17	-255	816.1	39.01	41.06	40.06	38.46	37.31	35.82
47.89	-255	817.2	38.15	40.93	39.97	38.47	37.36	35.89
46.7	-255	818.3	37.38	40.77	39.87	38.43	37.4	35.95
45.61	-255	819.3	36.7	40.56	39.73	38.41	37.43	36.02
44.44	-255	820.4	36.13	40.34	39.56	38.37	37.46	36.04
43.31	-255	821.5	35.67	40.09	39.37	38.29	37.42	36.08
42.16	-255	822.6	35.32	39.83	39.19	38.18	37.41	36.1
41.17	-255	823.6	35.1	39.55	38.97	38.08	37.42	36.16
40.1	-255	824.7	35	39.35	38.87	38.03	37.41	36.15
39.1	-255	825.8	35.03	39.05	38.62	37.93	37.36	36.15
38.19	-240	826.9	35.19	38.78	38.41	37.82	37.3	36.18
37.2	-203	827.9	35.47	38.47	38.19	37.64	37.25	36.12
36.25	-160	829	35.87	38.18	37.94	37.5	37.15	36.07
35.47	-116	830.1	36.38	37.83	37.71	37.33	37.05	36.09
34.78	-69	831.1	37	37.52	37.44	37.19	36.97	36.01
34.07	-15	832.2	37.72	37.21	37.23	36.98	36.84	35.97
33.58	19	833.3	38.54	36.95	36.99	36.83	36.76	35.91
33.27	45	834.4	39.43	36.66	36.71	36.62	36.62	35.83
33.07	72	835.4	40.39	36.34	36.44	36.44	36.47	35.73
33.01	98	836.5	41.41	36.1	36.24	36.21	36.33	35.6
33.18	123	837.6	42.48	35.89	36.05	36.04	36.19	35.5
33.51	146	838.6	43.58	35.68	35.88	35.85	36.06	35.41
34.04	167	839.7	44.7	35.52	35.66	35.71	35.86	35.29
34.7	187	840.8	45.82	35.39	35.53	35.56	35.79	35.2
35.54	203	841.8	46.93	35.32	35.42	35.42	35.65	35.09
36.53	217	842.9	48.01	35.27	35.36	35.33	35.54	35
37.6	229	844	49.06	35.27	35.35	35.22	35.44	34.9
38.76	239	845.1	50.06	35.34	35.41	35.19	35.35	34.83
40.1	244	846.1	50.99	35.45	35.41	35.11	35.28	34.76
41.44	248	847.2	51.85	35.57	35.49	35.11	35.22	34.68
42.84	248	848.3	52.62	35.76	35.6	35.11	35.16	34.64
44.22	247	849.3	53.3	35.99	35.79	35.19	35.14	34.59
45.61	242	850.4	53.87	36.21	35.89	35.2	35.11	34.53
47.08	234	851.5	54.33	36.45	36.11	35.3	35.13	34.51
48.39	225	852.6	54.67	36.79	36.35	35.41	35.18	34.48
49.71	213	853.6	54.9	37.09	36.58	35.52	35.24	34.5
50.98	198	854.7	54.99	37.44	36.85	35.68	35.29	34.51
52.08	183	855.8	54.97	37.79	37.12	35.83	35.36	34.52
53.18	165	856.8	54.82	38.13	37.4	36	35.44	34.56
54.08	146	857.9	54.54	38.49	37.7	36.17	35.54	34.6
54.97	125	859	54.14	38.85	37.96	36.4	35.65	34.65
55.71	102	860	53.63	39.21	38.28	36.55	35.79	34.78
56.18	81	861.1	53.01	39.57	38.56	36.82	35.92	34.83
56.65	57	862.2	52.3	39.9	38.83	37.02	36.09	34.93
56.87	35	863.3	51.48	40.2	39.1	37.22	36.23	35
56.99	12	864.3	50.59	40.48	39.35	37.41	36.39	35.1
56.94	-22	865.4	49.63	40.74	39.57	37.64	36.51	35.21
56.75	-67	866.5	48.61	40.98	39.79	37.85	36.68	35.3
56.34	-107	867.5	47.54	41.14	39.97	38	36.85	35.43
55.8	-145	868.6	46.44	41.32	40.13	38.17	36.95	35.5
55.09	-180	869.7	45.32	41.43	40.23	38.3	37.05	35.59
54.29	-212	870.8	44.2	41.52	40.32	38.39	37.17	35.69
53.34	-239	871.8	43.09	41.57	40.39	38.5	37.28	35.81
52.36	-255	872.9	42	41.56	40.41	38.56	37.37	35.89
51.29	-255	874	40.95	41.52	40.4	38.67	37.47	35.95
50.1	-255	875.1	39.95	41.45	40.37	38.7	37.56	36.04
48.88	-255	876.1	39.02	41.33	40.28	38.73	37.6	36.13
47.69	-255	877.2	38.16	41.19	40.22	38.74	37.68	36.19
46.48	-255	878.3	37.38	41.02	40.08	38.69	37.71	36.25
45.4	-255	879.3	36.7	40.86	39.98	38.68	37.72	36.29
44.2	-255	880.4	36.13	40.61	39.8	38.61	37.72	36.32
43.06	-255	881.5	35.67	40.35	39.58	38.51	37.68	36.36
41.93	-255	882.6	35.32	40.08	39.36	38.39	37.68	36.35
40.89	-255	883.6	35.1	39.77	39.19	38.27	37.6	36.35
39.86	-255	884.7	35	39.45	38.93	38.15	37.55	36.33
38.89	-255	885.8	35.03	39.17	38.69	38.01	37.5	36.33
37.86	-228	886.9	35.19	38.84	38.43	37.84	37.41	36.3
36.94	-192	887.9	35.47	38.51	38.19	37.7	37.34	36.28
36.05	-151	889	35.86	38.19	37.96	37.56	37.28	36.24
35.21	-104	890.1	36.38	37.88	37.72	37.39	37.18	36.22
34.46	-55	891.1	37	37.56	37.45	37.24	37.08	36.18
33.92	-6	892.2	37.72	37.24	37.21	37.04	36.98	36.11
33.44	24	893.3	38.53	36.94	36.97	36.88	36.86	36.06
33.13	50	894.4	39.42	36.63	36.72	36.69	36.73	35.97
32.98	76	895.4	40.39	36.37	36.48	36.47	36.59	35.88
32.99	101	896.5	41.41	36.12	36.25	36.27	36.44	35.78
33.15	126	897.6	42.47	35.89	36.05	36.12	36.31	35.68
33.54	148	898.6	43.57	35.7	35.87	35.94	36.16	35.56
34.08	169	899.7	44.69	35.56	35.73	35.78	36.01	35.46
34.77	188	900.8	45.81	35.42	35.61	35.65	35.89	35.34
35.65	204	901.8	46.92	35.35	35.5	35.52	35.76	35.25
36.63	218	902.9	48	35.33	35.45	35.38	35.64	35.13
37.76	229	904	49.05	35.33	35.43	35.3	35.54	35.05
38.97	237	905.1	50.05	35.41	35.44	35.25	35.46	34.97
40.24	244	906.1	50.98	35.5	35.49	35.22	35.4	34.89
41.56	247	907.2	51.84	35.62	35.59	35.19	35.33	34.84
43.01	247	908.3	52.61	35.81	35.7	35.2	35.3	34.78
44.36	245	909.3	53.29	36.03	35.84	35.26	35.26	34.73
45.84	239	910.4	53.86	36.29	36.03	35.33	35.28	34.72
47.16	233	911.5	54.33	36.57	36.26	35.43	35.29	34.7
48.52	224	912.5	54.67	36.85	36.49	35.53	35.35	34.71
49.89	210	913.6	54.9	37.22	36.71	35.71	35.42	34.7
51.04	198	914.7	54.99	37.52	36.99	35.84	35.48	34.7
52.14	183	915.8	54.97	37.86	37.26	35.97	35.55	34.74
53.23	164	916.8	54.82	38.24	37.56	36.17	35.66	34.77
54.08	147	917.9	54.54	38.58	37.82	36.3	35.74	34.83
54.92	126	919	54.15	38.96	38.12	36.52	35.85	34.89
55.67	103	920	53.64	39.31	38.42	36.73	36.01	34.94
56.16	82	921.1	53.02	39.63	38.72	36.96	36.14	35.02
56.64	58	922.2	52.3	39.97	38.97	37.15	36.27	35.09
56.93	34	923.3	51.49	40.3	39.23	37.34	36.41	35.19
57.04	11	924.3	50.6	40.59	39.47	37.53	36.54	35.26
56.95	-22	925.4	49.63	40.86	39.69	37.74	36.69	35.38
56.81	-68	926.5	48.61	41.11	39.89	37.95	36.83	35.49
56.39	-108	927.5	47.55	41.3	40.07	38.12	36.96	35.59
55.82	-145	928.6	46.45	41.45	40.2	38.26	37.1	35.68
55.09	-179	929.7	45.33	41.58	40.33	38.38	37.21	35.77
54.31	-212	930.8	44.21	41.63	40.39	38.48	37.31	35.85
53.36	-239	931.8	43.1	41.67	40.44	38.59	37.42	35.96
52.36	-255	932.9	42.01	41.69	40.48	38.7	37.51	36.02
51.3	-255	934	40.96	41.64	40.47	38.73	37.59	36.1
50.18	-255	935	39.96	41.55	40.43	38.79	37.66	36.19
48.99	-255	936.1	39.02	41.44	40.4	38.83	37.75	36.27
47.81	-255	937.2	38.16	41.31	40.33	38.85	37.8	36.35
46.61	-255	938.3	37.39	41.14	40.21	38.84	37.84	36.41
45.46	-255	939.3	36.71	40.92	40.08	38.79	37.86	36.46
44.31	-255	940.4	36.13	40.73	39.92	38.73	37.87	36.49
43.14	-255	941.5	35.67	40.49	39.72	38.64	37.87	36.49
42.08	-255	942.6	35.33	40.21	39.52	38.54	37.8	36.49
40.99	-255	943.6	35.1	39.93	39.31	38.4	37.77	36.49
39.96	-255	944.7	35	39.64	39.07	38.28	37.71	36.5
38.95	-255	945.8	35.03	39.33	38.85	38.15	37.65	36.48
37.97	-233	946.8	35.19	39.02	38.62	38	37.58	36.47
37.06	-198	947.9	35.46	38.72	38.34	37.87	37.54	36.47
36.12	-156	949	35.86	38.39	38.12	37.71	37.39	36.4
35.27	-109	950.1	36.37	38.05	37.84	37.54	37.3	36.34
34.55	-61	951.1	36.99	37.74	37.62	37.34	37.19	36.28
33.98	-11	952.2	37.71	37.41	37.33	37.17	37.08	36.24
33.51	21	953.3	38.53	37.1	37.1	36.98	36.98	36.19
33.17	47	954.3	39.42	36.81	36.87	36.81	36.86	36.09
32.99	74	955.4	40.38	36.53	36.6	36.61	36.72	35.99
32.99	99	956.5	41.4	36.27	36.38	36.44	36.57	35.9
33.17	124	957.6	42.47	36.02	36.18	36.24	36.43	35.81
33.51	147	958.6	43.56	35.83	35.99	36.06	36.33	35.72
34.03	168	959.7	44.68	35.69	35.83	35.92	36.18	35.62
34.72	187	960.8	45.8	35.56	35.72	35.76	36.04	35.5
35.56	204	961.8	46.91	35.49	35.62	35.62	35.89	35.39
36.54	218	962.9	48	35.45	35.54	35.51	35.8	35.29
37.69	228	964	49.04	35.46	35.54	35.43	35.68	35.19
38.87	238	965	50.04	35.54	35.55	35.38	35.61	35.07
40.21	243	966.1	50.98	35.62	35.61	35.33	35.5	35.01
41.51	247	967.2	51.84	35.77	35.69	35.33	35.45	34.93
42.96	246	968.3	52.61	35.93	35.82	35.35	35.42	34.87
44.35	244	969.3	53.29	36.16	35.98	35.38	35.39	34.84
45.74	240	970.4	53.86	36.4	36.17	35.46	35.4	34.79
47.17	232	971.5	54.32	36.69	36.36	35.52	35.4	34.76
48.54	222	972.5	54.67	37	36.56	35.6	35.39	34.75
49.79	211	973.6	54.89	37.31	36.79	35.73	35.44	34.74
51.03	197	974.7	54.99	37.66	37.05	35.87	35.5	34.74
52.13	182	975.8	54.97	37.98	37.32	36.03	35.59	34.78
53.19	164	976.8	54.82	38.33	37.6	36.21	35.67	34.81
54.16	144	977.9	54.54	38.67	37.86	36.37	35.78	34.83
54.91	125	979	54.15	39.04	38.12	36.53	35.87	34.89
55.63	103	980	53.64	39.35	38.41	36.72	35.98	34.98
56.04	83	981.1	53.02	39.64	38.72	36.93	36.1	35.02
56.62	58	982.2	52.31	40.01	38.95	37.13	36.25	35.1
56.89	34	983.2	51.5	40.25	39.26	37.37	36.36	35.16
56.87	14	984.3	50.61	40.56	39.42	37.47	36.56	35.3
57.01	-24	985.4	49.64	40.78	39.66	37.76	36.67	35.37
56.81	-69	986.5	48.62	40.98	39.92	37.99	36.75	35.42
56.39	-109	987.5	47.56	41.23	40.13	38.06	36.92	35.6
55.79	-145	988.6	46.46	41.31	40.11	38.19	37.08	35.68
55.16	-182	989.7	45.34	41.36	40.21	38.41	37.14	35.67
54.32	-213	990.7	44.22	41.47	40.37	38.49	37.21	35.85
53.23	-236	991.8	43.11	41.52	40.41	38.58	37.35	35.89
52.47	-255	992.9	42.02	41.53	40.41	38.67	37.52	35.99
51.29	-255	994	40.97	41.49	40.42	38.7	37.54	36.06
50.13	-255	995	39.96	41.38	40.4	38.77	37.64	36.16
48.9	-255	996.1	39.03	41.28	40.33	38.79	37.7	36.22
47.75	-255	997.2	38.17	41.15	40.25	38.79	37.76	36.32
46.53	-255	998.3	37.39	40.94	40.14	38.79	37.82	36.4
45.38	-255	999.3	36.71	40.75	40.03	38.77	37.86	36.47
44.18	-255	1000.4	36.14	40.54	39.88	38.71	37.88	36.5
43.1	-255	1001.5	35.67	40.32	39.69	38.62	37.87	36.54
42.01	-255	1002.5	35.33	40.05	39.5	38.54	37.85	36.57
40.91	-255	1003.6	35.1	39.78	39.29	38.44	37.82	36.57
39.84	-255	1004.7	35	39.52	39.09	38.35	37.8	36.57
38.83	-255	1005.8	35.03	39.25	38.87	38.22	37.73	36.55
37.94	-231	1006.8	35.19	38.93	38.62	38.07	37.62	36.5
36.95	-193	1007.9	35.47	38.65	38.37	37.91	37.54	36.48
36.08	-153	1009	35.86	38.36	38.13	37.74	37.47	36.42
35.22	-106	1010.1	36.38	38.05	37.88	37.57	37.38	36.44
34.47	-56	1011.1	37	37.72	37.63	37.38	37.26	36.35
33.96	-8	1012.2	37.72	37.41	37.4	37.22	37.16	36.27
33.42	23	1013.3	38.54	37.11	37.12	37.04	37.02	36.22
33.13	49	1014.4	39.43	36.81	36.86	36.82	36.88	36.12
32.98	75	1015.4	40.4	36.56	36.65	36.63	36.79	35.99
32.98	101	1016.5	41.42	36.22	36.34	36.43	36.58	35.89
33.12	126	1017.6	42.49	35.99	36.15	36.24	36.43	35.81
33.52	149	1018.7	43.59	35.8	35.96	36.02	36.25	35.7
34.08	169	1019.7	44.71	35.6	35.77	35.85	36.1	35.56
34.76	188	1020.8	45.83	35.48	35.65	35.73	35.97	35.46
35.58	205	1021.9	46.95	35.39	35.54	35.58	35.85	35.35
36.62	218	1022.9	48.03	35.36	35.48	35.45	35.74	35.25
37.69	231	1024	49.08	35.35	35.47	35.35	35.62	35.14
38.94	238	1025.1	50.08	35.42	35.49	35.34	35.59	35.07
40.2	245	1026.2	51.01	35.51	35.56	35.3	35.48	34.99
41.61	247	1027.2	51.87	35.65	35.66	35.28	35.4	34.93
42.96	248	1028.3	52.64	35.83	35.76	35.28	35.38	34.86
44.39	246	1029.4	53.32	36	35.98	35.31	35.34	34.81
45.82	241	1030.4	53.89	36.29	36.17	35.34	35.42	34.79
47.19	234	1031.5	54.34	36.57	36.24	35.48	35.31	34.75
48.63	222	1032.6	54.68	36.9	36.52	35.58	35.38	34.72
49.82	212	1033.7	54.9	37.19	36.75	35.71	35.43	34.7
51.09	197	1034.7	55	37.52	37.04	35.84	35.46	34.74
52.22	182	1035.8	54.96	37.87	37.29	36.01	35.57	34.75
53.32	163	1036.9	54.81	38.23	37.57	36.21	35.66	34.78
54.23	144	1038	54.52	38.6	37.86	36.38	35.76	34.83
54.93	125	1039	54.12	38.98	38.14	36.54	35.87	34.89
55.72	102	1040.1	53.61	39.3	38.43	36.75	35.97	34.9
56.18	81	1041.2	52.98	39.64	38.68	36.94	36.08	34.99
56.69	56	1042.3	52.25	39.95	38.93	37.17	36.23	35.04
56.99	32	1043.3	51.44	40.24	39.19	37.32	36.36	35.17
57.06	9	1044.4	50.54	40.51	39.42	37.54	36.52	35.26
57.02	-27	1045.5	49.57	40.77	39.66	37.76	36.67	35.35
56.7	-68	1046.5	48.54	41.01	39.88	37.94	36.79	35.45
56.2	-105	1047.6	47.47	41.19	40.05	38.08	36.94	35.56
55.74	-147	1048.7	46.37	41.33	40.18	38.25	37.09	35.67
54.98	-179	1049.8	45.25	41.44	40.3	38.41	37.13	35.79
54.31	-216	1050.8	44.13	41.53	40.44	38.52	37.29	35.88
53.3	-242	1051.9	43.01	41.55	40.43	38.65	37.43	35.96
52.32	-255	1053	41.92	41.58	40.48	38.72	37.52	36.06
51.14	-255	1054.1	40.87	41.52	40.49	38.79	37.61	36.17
50.05	-255	1055.1	39.88	41.46	40.46	38.84	37.75	36.29
48.84	-255	1056.2	38.95	41.37	40.43	38.9	37.8	36.36
47.61	-255	1057.3	38.09	41.25	40.34	38.88	37.85	36.41
46.46	-255	1058.4	37.32	41.07	40.22	38.83	37.85	36.43
45.23	-255	1059.4	36.65	40.88	40.07	38.8	37.87	36.47
44.17	-255	1060.5	36.09	40.65	39.88	38.71	37.84	36.51
43.04	-255	1061.6	35.63	40.41	39.66	38.63	37.83	36.51
41.91	-255	1062.7	35.3	40.11	39.46	38.49	37.79	36.51
40.86	-255	1063.7	35.09	39.8	39.26	38.36	37.76	36.55
39.81	-255	1064.8	35	39.53	39.03	38.27	37.72	36.5
38.77	-255	1065.9	35.04	39.24	38.81	38.13	37.66	36.52
37.85	-227	1067	35.21	38.91	38.54	38	37.56	36.47
36.94	-192	1068	35.5	38.61	38.33	37.83	37.48	36.43
36	-148	1069.1	35.91	38.27	38.07	37.68	37.42	36.41
35.22	-103	1070.2	36.44	37.95	37.83	37.53	37.34	36.39
34.41	-51	1071.3	37.07	37.63	37.58	37.37	37.25	36.35
33.82	0	1072.3	37.8	37.32	37.31	37.19	37.13	36.28
33.4	26	1073.4	38.62	37.02	37.06	36.99	36.99	36.21
33.12	52	1074.5	39.53	36.72	36.78	36.77	36.84	36.1
32.98	78	1075.5	40.5	36.41	36.52	36.57	36.68	36
32.97	104	1076.6	41.53	36.13	36.3	36.37	36.54	35.89
33.17	128	1077.7	42.6	35.91	36.09	36.21	36.41	35.81
33.52	152	1078.8	43.7	35.72	35.95	36.06	36.28	35.72
34.13	172	1079.8	44.82	35.56	35.81	35.89	36.16	35.62
34.84	190	1080.9	45.95	35.46	35.68	35.74	36.03	35.53
35.74	206	1082	47.06	35.39	35.59	35.61	35.89	35.41
36.74	220	1083	48.14	35.37	35.52	35.5	35.76	35.29
37.88	230	1084.1	49.18	35.39	35.51	35.42	35.66	35.2
39.14	238	1085.2	50.18	35.46	35.52	35.35	35.55	35.08
40.38	245	1086.3	51.1	35.55	35.58	35.3	35.49	35.01
41.77	247	1087.3	51.95	35.71	35.66	35.3	35.43	34.93
43.18	247	1088.4	52.71	35.89	35.79	35.31	35.39	34.88
44.57	245	1089.5	53.38	36.09	35.93	35.34	35.37	34.82
45.99	239	1090.6	53.94	36.34	36.11	35.41	35.36	34.77
47.36	232	1091.6	54.38	36.65	36.3	35.48	35.34	34.73
48.66	223	1092.7	54.71	36.92	36.52	35.59	35.35	34.68
49.98	210	1093.8	54.92	37.23	36.76	35.71	35.39	34.67
51.17	196	1094.8	55	37.56	37.02	35.85	35.46	34.68
52.35	179	1095.9	54.95	37.9	37.28	36	35.53	34.7
53.32	163	1097	54.78	38.25	37.56	36.19	35.64	34.76
54.27	143	1098.1	54.49	38.61	37.85	36.38	35.74	34.81
55.13	121	1099.1	54.08	38.97	38.16	36.59	35.89	34.9
55.8	99	1100.2	53.55	39.3	38.43	36.8	36.02	34.97
56.31	77	1101.3	52.91	39.65	38.74	37	36.16	35.04
56.63	55	1102.4	52.18	39.97	39.02	37.22	36.31	35.14
56.82	33	1103.4	51.35	40.3	39.29	37.44	36.45	35.24
56.99	8	1104.5	50.44	40.59	39.55	37.61	36.58	35.32
56.89	-28	1105.6	49.47	40.84	39.75	37.82	36.7	35.43
56.63	-70	1106.7	48.44	41.07	39.94	37.97	36.84	35.51
56.23	-112	1107.7	47.36	41.25	40.09	38.13	36.98	35.61
55.62	-148	1108.8	46.26	41.37	40.23	38.28	37.11	35.69
54.94	-183	1109.9	45.14	41.48	40.32	38.44	37.23	35.79
54.06	-213	1110.9	44.01	41.57	40.42	38.55	37.32	35.9
53.15	-242	1112	42.9	41.6	40.52	38.67	37.46	35.99
52.11	-255	1113.1	41.82	41.57	40.52	38.74	37.55	36.08
51.13	-255	1114.2	40.77	41.56	40.45	38.73	37.62	36.13
49.9	-255	1115.2	39.78	41.46	40.45	38.81	37.73	36.23
48.71	-255	1116.3	38.86	41.36	40.39	38.82	37.76	36.29
47.57	-255	1117.4	38.01	41.2	40.28	38.82	37.8	36.36
46.34	-255	1118.5	37.25	41.02	40.13	38.81	37.83	36.42
45.18	-255	1119.5	36.59	40.81	39.98	38.74	37.85	36.47
44.04	-255	1120.6	36.04	40.56	39.83	38.69	37.84	36.49
42.91	-255	1121.7	35.6	40.31	39.64	38.6	37.82	36.52
41.83	-255	1122.8	35.27	40.04	39.43	38.51	37.8	36.57
40.7	-255	1123.8	35.07	39.74	39.18	38.4	37.74	36.55
39.69	-255	1124.9	35	39.45	38.98	38.29	37.7	36.51
38.67	-253	1126	35.05	39.16	38.76	38.11	37.6	36.51
37.71	-222	1127.1	35.23	38.81	38.5	37.97	37.55	36.5
36.84	-186	1128.1	35.54	38.51	38.25	37.8	37.48	36.44
35.93	-143	1129.2	35.96	38.2	38.01	37.65	37.27	36.33
35.06	-95	1130.3	36.49	37.89	37.77	37.47	37.28	36.33
34.36	-45	1131.4	37.14	37.53	37.52	37.31	37.16	36.3
33.81	3	1132.4	37.88	37.2	37.24	37.12	37.1	36.26
33.34	29	1133.5	38.71	36.92	37.01	36.97	36.98	36.21
33.09	55	1134.6	39.62	36.61	36.79	36.79	36.86	36.12
32.95	82	1135.6	40.6	36.34	36.52	36.59	36.72	36.04
33	107	1136.7	41.63	36.09	36.29	36.41	36.57	35.92
33.23	131	1137.8	42.71	35.91	36.12	36.22	36.45	35.81
33.6	154	1138.9	43.81	35.72	35.97	36.05	36.29	35.71
34.22	173	1139.9	44.93	35.56	35.76	35.87	36.1	35.58
34.96	192	1141	46.05	35.46	35.66	35.69	35.97	35.45
35.87	207	1142.1	47.16	35.4	35.54	35.59	35.86	35.35
36.86	221	1143.2	48.24	35.38	35.53	35.47	35.75	35.24
38	232	1144.2	49.28	35.39	35.49	35.4	35.63	35.15
39.19	240	1145.3	50.27	35.46	35.52	35.31	35.54	35.05
40.57	244	1146.4	51.19	35.55	35.6	35.29	35.47	34.95
41.86	248	1147.4	52.03	35.7	35.65	35.26	35.39	34.88
43.35	246	1148.5	52.78	35.86	35.78	35.27	35.34	34.81
44.75	244	1149.6	53.44	36.09	35.93	35.32	35.28	34.78
46.13	239	1150.7	53.99	36.34	36.08	35.38	35.29	34.71
47.52	231	1151.7	54.42	36.62	36.31	35.48	35.34	34.72
48.92	220	1152.8	54.74	36.9	36.54	35.64	35.38	34.69
50.11	209	1153.9	54.93	37.24	36.78	35.74	35.43	34.69
51.27	195	1155	55	37.57	37.04	35.88	35.47	34.7
52.39	179	1156	54.94	37.88	37.31	35.99	35.52	34.72
53.47	160	1157.1	54.76	38.24	37.56	36.17	35.61	34.76
54.36	141	1158.2	54.45	38.55	37.85	36.36	35.71	34.79
55.21	119	1159.2	54.03	38.91	38.1	36.53	35.81	34.83
55.82	98	1160.3	53.49	39.25	38.4	36.75	35.94	34.91
56.3	76	1161.4	52.84	39.55	38.65	36.94	36.07	34.97
56.66	53	1162.5	52.1	39.87	38.94	37.13	36.2	35.04
56.93	29	1163.5	51.26	40.17	39.19	37.35	36.38	35.18
57.02	6	1164.6	50.35	40.45	39.46	37.57	36.51	35.27
56.87	-31	1165.7	49.37	40.7	39.68	37.75	36.66	35.38
56.63	-75	1166.8	48.34	40.92	39.85	37.93	36.79	35.46
56.26	-118	1167.8	47.26	41.12	40	38.1	36.94	35.55
55.55	-151	1168.9	46.15	41.2	40.13	38.22	37.03	35.65
54.79	-184	1170	45.03	41.34	40.25	38.35	37.17	35.74
54.03	-218	1171	43.9	41.39	40.32	38.44	37.28	35.82
53.09	-246	1172.1	42.8	41.42	40.35	38.54	37.33	35.89
52	-255	1173.2	41.71	41.36	40.36	38.6	37.45	35.97
50.98	-255	1174.3	40.67	41.35	40.34	38.66	37.53	36.04
49.79	-255	1175.3	39.69	41.25	40.31	38.71	37.6	36.12
48.56	-255	1176.4	38.77	41.09	40.24	38.74	37.66	36.2
47.37	-255	1177.5	37.93	40.98	40.16	38.74	37.72	36.27
46.24	-255	1178.6	37.18	40.8	40.05	38.73	37.77	36.34
45.09	-255	1179.6	36.53	40.59	39.87	38.68	37.77	36.38
43.95	-255	1180.7	35.99	40.39	39.75	38.62	37.76	36.4
42.72	-255	1181.8	35.56	40.13	39.55	38.54	37.77	36.44
41.7	-255	1182.9	35.25	39.86	39.36	38.41	37.73	36.42
40.61	-255	1183.9	35.06	39.59	39.14	38.3	37.68	36.45
39.59	-255	1185	35	39.3	38.93	38.2	37.65	36.46
38.62	-251	1186.1	35.07	39.02	38.7	38.06	37.6	36.47
37.64	-218	1187.2	35.26	38.72	38.47	37.94	37.54	36.45
36.7	-180	1188.2	35.57	38.39	38.26	37.8	37.49	36.45
35.77	-136	1189.3	36.01	38.11	38.02	37.63	37.41	36.42
35.01	-90	1190.4	36.55	37.85	37.8	37.5	37.33	36.36
34.34	-41	1191.5	37.21	37.54	37.52	37.28	37.18	36.3
33.77	5	1192.5	37.96	37.21	37.22	37.08	37.06	36.22
33.37	31	1193.6	38.8	36.92	36.98	36.89	36.91	36.15
33.09	58	1194.7	39.71	36.62	36.72	36.69	36.76	36.05
32.98	84	1195.8	40.7	36.32	36.45	36.5	36.6	35.92
33.05	109	1196.8	41.74	36.06	36.21	36.31	36.44	35.85
33.26	133	1197.9	42.82	35.83	36.03	36.11	36.31	35.72
33.73	155	1199	43.92	35.61	35.85	35.92	36.15	35.63
34.3	175	1200	45.05	35.48	35.69	35.76	36.02	35.49
35.03	193	1201.1	46.17	35.38	35.57	35.62	35.88	35.37
35.88	210	1202.2	47.27	35.28	35.47	35.52	35.78	35.28
36.93	223	1203.3	48.35	35.26	35.43	35.39	35.66	35.18
38.11	233	1204.3	49.38	35.29	35.42	35.31	35.57	35.07
39.36	240	1205.4	50.36	35.39	35.47	35.25	35.48	35
40.68	245	1206.5	51.28	35.47	35.53	35.26	35.4	34.93
42.02	248	1207.6	52.11	35.65	35.66	35.24	35.37	34.86
43.52	246	1208.6	52.85	35.84	35.79	35.26	35.32	34.81
44.83	244	1209.7	53.5	36.07	35.96	35.31	35.3	34.76
46.28	238	1210.8	54.03	36.34	36.14	35.4	35.31	34.7
47.63	231	1211.8	54.46	36.64	36.32	35.49	35.32	34.7
48.96	220	1212.9	54.76	36.95	36.56	35.59	35.37	34.66
50.25	207	1214	54.94	37.24	36.81	35.72	35.41	34.69
51.47	192	1215.1	55	37.58	37.1	35.86	35.48	34.7
52.55	176	1216.1	54.93	38	37.36	36.02	35.54	34.71
53.5	159	1217.2	54.73	38.3	37.6	36.18	35.66	34.74
54.51	138	1218.3	54.42	38.6	37.92	36.41	35.74	34.84
55.28	117	1219.4	53.98	39.01	38.18	36.64	35.92	34.89
55.87	96	1220.4	53.43	39.3	38.5	36.78	36	35.02
56.48	71	1221.5	52.77	39.69	38.76	37.03	36.09	35.02
56.71	50	1222.6	52.02	40.02	39.03	37.2	36.22	35.07
57.05	25	1223.6	51.18	40.36	39.2	37.45	36.47	35.22
57.07	2	1224.7	50.26	40.55	39.58	37.58	36.58	35.3
56.88	-38	1225.8	49.27	40.85	39.78	37.74	36.73	35.38
56.58	-80	1226.9	48.23	41.03	39.96	37.96	36.88	35.49
56.16	-121	1227.9	47.15	41.26	40.06	38.12	37.01	35.6
55.5	-156	1229	46.04	41.35	40.26	38.3	37.17	35.7
54.69	-187	1230.1	44.91	41.38	40.48	38.48	37.22	35.8
53.83	-217	1231.2	43.79	41.61	40.5	38.52	37.39	35.96
52.97	-248	1232.2	42.69	41.64	40.46	38.64	37.52	36.01
51.91	-255	1233.3	41.61	41.54	40.5	38.73	37.55	36.09
50.86	-255	1234.4	40.57	41.55	40.44	38.74	37.66	36.17
49.69	-255	1235.5	39.59	41.45	40.41	38.8	37.69	36.26
48.46	-255	1236.5	38.68	41.29	40.36	38.81	37.76	36.3
47.26	-255	1237.6	37.85	41.14	40.29	38.88	37.79	36.39
46.06	-255	1238.7	37.11	40.96	40.12	38.84	37.89	36.42
44.97	-255	1239.8	36.47	40.79	39.96	38.78	37.92	36.56
43.78	-255	1240.8	35.94	40.52	39.82	38.71	37.9	36.53
42.65	-255	1241.9	35.52	40.29	39.68	38.62	37.87	36.57
41.6	-255	1243	35.22	40.02	39.44	38.52	37.84	36.57
40.51	-255	1244.1	35.05	39.76	39.23	38.39	37.78	36.54
39.48	-255	1245.1	35	39.46	38.99	38.26	37.73	36.51
38.55	-249	1246.2	35.08	39.13	38.77	38.08	37.63	36.47
37.57	-216	1247.3	35.28	38.77	38.42	37.95	37.55	36.42
36.58	-176	1248.4	35.61	38.54	38.23	37.84	37.52	36.38
35.69	-132	1249.4	36.06	38.16	37.98	37.56	37.37	36.39
34.89	-84	1250.5	36.61	37.84	37.7	37.45	37.28	36.35
34.26	-36	1251.6	37.28	37.48	37.48	37.28	37.17	36.26
33.71	8	1252.6	38.04	37.21	37.22	37.12	37.07	36.23
33.29	34	1253.7	38.88	36.9	36.98	36.93	36.95	36.15
33.02	61	1254.8	39.81	36.61	36.73	36.71	36.81	36.09
32.97	86	1255.9	40.8	36.33	36.5	36.54	36.68	35.99
33.06	111	1256.9	41.84	36.09	36.26	36.33	36.54	35.9
33.3	135	1258	42.92	35.87	36.09	36.16	36.39	35.8
33.74	157	1259.1	44.03	35.67	35.89	35.96	36.23	35.72
34.36	177	1260.1	45.15	35.55	35.76	35.84	36.1	35.57
35.12	195	1261.2	46.27	35.45	35.67	35.7	36	35.48
35.98	211	1262.3	47.38	35.37	35.6	35.6	35.85	35.37
37.04	224	1263.4	48.45	35.38	35.55	35.51	35.74	35.27
38.17	235	1264.4	49.48	35.43	35.53	35.39	35.64	35.18
39.49	241	1265.5	50.46	35.51	35.58	35.35	35.55	35.08
40.79	246	1266.6	51.36	35.63	35.64	35.32	35.49	35
42.2	247	1267.7	52.19	35.77	35.74	35.34	35.43	34.93
43.59	247	1268.7	52.92	35.99	35.86	35.32	35.38	34.86
44.96	244	1269.8	53.55	36.2	36	35.38	35.36	34.82
46.42	238	1270.9	54.08	36.44	36.18	35.44	35.39	34.76
47.77	230	1271.9	54.49	36.72	36.38	35.52	35.38	34.75
49.13	219	1273	54.79	37.01	36.61	35.62	35.41	34.71
50.39	206	1274.1	54.95	37.35	36.85	35.75	35.44	34.71
51.57	191	1275.2	55	37.68	37.09	35.9	35.5	34.71
52.64	175	1276.2	54.92	38	37.39	36.07	35.59	34.74
53.67	156	1277.3	54.71	38.41	37.7	36.28	35.66	34.73
54.55	137	1278.4	54.38	38.68	37.92	36.43	35.78	34.81
55.31	115	1279.5	53.93	39.08	38.22	36.62	35.86	34.86
55.85	95	1280.5	53.37	39.37	38.48	36.82	35.99	34.94
56.38	72	1281.6	52.7	39.68	38.78	37.03	36.14	35.01
56.8	47	1282.7	51.94	40	39.04	37.22	36.27	35.08
56.93	25	1283.7	51.09	40.29	39.28	37.42	36.41	35.18
56.98	2	1284.8	50.16	40.56	39.5	37.61	36.52	35.27
56.83	-40	1285.9	49.17	40.79	39.7	37.78	36.67	35.37
56.56	-83	1287	48.13	41	39.89	37.94	36.8	35.46
56.14	-125	1288	47.04	41.16	40.02	38.12	36.93	35.57
55.45	-159	1289.1	45.93	41.28	40.15	38.26	37.08	35.67
54.74	-194	1290.2	44.81	41.38	40.28	38.41	37.16	35.79
53.86	-224	1291.3	43.69	41.43	40.34	38.5	37.3	35.85
52.91	-251	1292.3	42.58	41.44	40.4	38.6	37.4	35.97
51.83	-255	1293.4	41.51	41.41	40.4	38.67	37.48	36.02
50.71	-255	1294.5	40.48	41.37	40.39	38.72	37.54	36.09
49.53	-255	1295.6	39.5	41.27	40.33	38.75	37.65	36.18
48.34	-255	1296.6	38.6	41.14	40.28	38.77	37.7	36.27
47.13	-255	1297.7	37.78	40.99	40.19	38.75	37.74	36.34
46	-255	1298.8	37.05	40.81	40.05	38.74	37.79	36.4
44.77	-255	1299.9	36.42	40.6	39.92	38.7	37.79	36.44
43.65	-255	1300.9	35.89	40.38	39.74	38.64	37.8	36.48
42.53	-255	1302	35.49	40.12	39.55	38.56	37.79	36.52
41.51	-255	1303.1	35.2	39.87	39.38	38.44	37.75	36.51
40.39	-255	1304.2	35.04	39.59	39.13	38.32	37.75	36.52
39.38	-255	1305.2	35	39.3	38.93	38.21	37.69	36.52
38.37	-243	1306.3	35.09	39.02	38.7	38.1	37.62	36.53
37.4	-209	1307.4	35.31	38.69	38.44	37.94	37.58	36.5
36.47	-170	1308.5	35.65	38.4	38.24	37.78	37.45	36.46
35.61	-126	1309.5	36.1	38.06	37.92	37.61	37.38	36.42
34.87	-80	1310.6	36.67	37.73	37.71	37.44	37.27	36.35
34.15	-28	1311.7	37.35	37.43	37.4	37.23	37.13	36.28
33.68	11	1312.7	38.12	37.13	37.17	37.05	37.02	36.19
33.3	37	1313.8	38.97	36.85	36.89	36.87	36.92	36.14
33.06	63	1314.9	39.9	36.51	36.67	36.68	36.75	36.05
32.97	89	1316	40.9	36.28	36.42	36.46	36.61	35.94
33.09	114	1317	41.95	36.02	36.2	36.31	36.47	35.83
33.38	137	1318.1	43.03	35.81	36	36.08	36.29	35.71
33.81	159	1319.2	44.14	35.61	35.81	35.91	36.15	35.61
34.43	179	1320.3	45.27	35.46	35.67	35.76	36.01	35.49
35.21	197	1321.3	46.38	35.36	35.54	35.6	35.88	35.37
36.15	212	1322.4	47.48	35.3	35.49	35.48	35.75	35.28
37.17	225	1323.5	48.55	35.29	35.44	35.38	35.62	35.16
38.38	234	1324.5	49.58	35.29	35.43	35.29	35.53	35.07
39.62	242	1325.6	50.55	35.37	35.46	35.23	35.42	34.98
40.93	246	1326.7	51.45	35.48	35.53	35.22	35.36	34.9
42.35	247	1327.8	52.26	35.65	35.61	35.23	35.31	34.83
43.72	247	1328.8	52.99	35.84	35.75	35.27	35.27	34.78
45.11	244	1329.9	53.61	36.08	35.94	35.33	35.26	34.73
46.58	237	1331	54.13	36.32	36.12	35.39	35.27	34.68
47.86	229	1332	54.53	36.63	36.35	35.49	35.29	34.68
49.27	217	1333.1	54.81	36.95	36.58	35.59	35.31	34.66
50.46	206	1334.2	54.96	37.25	36.84	35.72	35.39	34.67
51.67	190	1335.3	55	37.59	37.09	35.86	35.43	34.69
52.78	173	1336.3	54.9	37.95	37.36	36.04	35.53	34.72
53.79	154	1337.4	54.68	38.3	37.63	36.21	35.63	34.77
54.6	135	1338.5	54.34	38.66	37.92	36.41	35.73	34.8
55.41	113	1339.6	53.88	39.01	38.21	36.57	35.84	34.85
56.05	90	1340.6	53.31	39.35	38.46	36.8	35.97	34.93
56.51	68	1341.7	52.63	39.68	38.78	36.99	36.13	35.01
56.74	46	1342.8	51.86	40.01	39.06	37.24	36.26	35.09
56.97	22	1343.9	51	40.32	39.32	37.42	36.4	35.19
57	-1	1344.9	50.07	40.6	39.56	37.62	36.57	35.3
56.83	-45	1346	49.07	40.85	39.78	37.82	36.73	35.42
56.51	-87	1347.1	48.02	41.06	39.96	38.01	36.85	35.53
56.01	-126	1348.1	46.93	41.24	40.09	38.16	36.98	35.63
55.37	-162	1349.2	45.82	41.37	40.23	38.29	37.11	35.73
54.64	-196	1350.3	44.69	41.47	40.34	38.43	37.25	35.82
53.83	-228	1351.4	43.58	41.53	40.41	38.57	37.37	35.93
52.81	-254	1352.4	42.47	41.55	40.48	38.67	37.49	36.05
51.77	-255	1353.5	41.4	41.53	40.5	38.76	37.6	36.11
50.64	-255	1354.6	40.38	41.5	40.49	38.81	37.66	36.2
49.44	-255	1355.7	39.41	41.4	40.42	38.81	37.72	36.26
48.26	-255	1356.7	38.51	41.27	40.34	38.83	37.76	36.34
47.07	-255	1357.8	37.7	41.09	40.23	38.81	37.81	36.4
45.89	-255	1358.9	36.98	40.92	40.1	38.81	37.85	36.46
44.7	-255	1360	36.36	40.7	39.94	38.76	37.88	36.5
43.59	-255	1361	35.85	40.47	39.8	38.69	37.87	36.54
42.49	-255	1362.1	35.45	40.23	39.6	38.61	37.85	36.56
41.42	-255	1363.2	35.18	39.96	39.4	38.49	37.81	36.58
40.35	-255	1364.3	35.03	39.68	39.18	38.39	37.76	36.57
39.36	-255	1365.3	35.01	39.38	38.96	38.25	37.71	36.55
38.32	-243	1366.4	35.11	39.08	38.71	38.09	37.63	36.52
37.37	-209	1367.5	35.34	38.75	38.47	37.95	37.56	36.48
36.42	-169	1368.6	35.69	38.46	38.23	37.83	37.48	36.45
35.6	-126	1369.6	36.16	38.19	38.04	37.66	37.42	36.46
34.82	-78	1370.7	36.74	37.83	37.79	37.48	37.33	36.38
34.19	-28	1371.8	37.42	37.55	37.52	37.34	37.23	36.34
33.64	12	1372.9	38.2	37.25	37.24	37.13	37.09	36.27
33.25	39	1373.9	39.06	36.95	36.98	36.92	36.95	36.18
33.01	65	1375	40	36.63	36.72	36.71	36.78	36.09
32.96	91	1376.1	41	36.37	36.45	36.49	36.64	35.96
33.07	116	1377.1	42.05	36.12	36.24	36.33	36.49	35.86
33.39	139	1378.2	43.14	35.87	36.05	36.12	36.34	35.77
33.82	161	1379.3	44.26	35.69	35.89	35.97	36.21	35.65
34.46	181	1380.4	45.38	35.55	35.77	35.84	36.05	35.54
35.28	198	1381.4	46.49	35.46	35.65	35.68	35.94	35.42
36.23	213	1382.5	47.59	35.41	35.54	35.53	35.79	35.3
37.27	225	1383.6	48.66	35.41	35.52	35.46	35.68	35.22
38.49	234	1384.6	49.68	35.46	35.53	35.37	35.57	35.12
39.7	242	1385.7	50.64	35.53	35.55	35.34	35.52	35.03
41.07	246	1386.8	51.53	35.64	35.65	35.31	35.45	34.94
42.46	247	1387.9	52.34	35.82	35.75	35.31	35.4	34.88
43.83	247	1388.9	53.05	36.02	35.88	35.33	35.37	34.82
45.25	243	1390	53.67	36.24	36.04	35.39	35.34	34.77
46.65	236	1391.1	54.17	36.5	36.23	35.44	35.34	34.75
48.04	227	1392.2	54.56	36.78	36.43	35.53	35.34	34.71
49.39	216	1393.2	54.83	37.06	36.65	35.68	35.4	34.7
50.57	204	1394.3	54.97	37.41	36.91	35.78	35.43	34.69
51.8	188	1395.4	54.99	37.76	37.19	35.94	35.5	34.71
52.88	171	1396.4	54.89	38.07	37.45	36.13	35.59	34.76
53.83	152	1397.5	54.65	38.46	37.75	36.32	35.71	34.8
54.71	132	1398.6	54.3	38.8	38.04	36.51	35.82	34.87
55.47	111	1399.7	53.83	39.18	38.33	36.71	35.96	34.94
56.04	89	1400.7	53.25	39.5	38.61	36.9	36.1	35.01
56.48	66	1401.8	52.56	39.83	38.89	37.14	36.23	35.12
56.81	43	1402.9	51.78	40.15	39.15	37.32	36.41	35.21
56.96	20	1404	50.91	40.46	39.41	37.53	36.55	35.32
57	-7	1405	49.97	40.78	39.67	37.72	36.7	35.42
56.85	-52	1406.1	48.97	41.04	39.86	37.96	36.81	35.51
56.46	-92	1407.2	47.91	41.21	40.07	38.1	36.97	35.64
55.95	-130	1408.3	46.82	41.4	40.17	38.25	37.06	35.7
55.38	-169	1409.3	45.71	41.47	40.3	38.42	37.24	35.83
54.63	-203	1410.4	44.58	41.6	40.44	38.52	37.33	35.94
53.72	-232	1411.5	43.46	41.67	40.47	38.64	37.46	36.02
52.69	-255	1412.5	42.36	41.7	40.53	38.75	37.55	36.1
51.64	-255	1413.6	41.3	41.65	40.53	38.81	37.66	36.2
50.49	-255	1414.7	40.28	41.6	40.5	38.86	37.72	36.29
49.31	-255	1415.8	39.32	41.49	40.47	38.9	37.81	36.37
48.15	-255	1416.8	38.43	41.36	40.39	38.92	37.85	36.45
46.93	-255	1417.9	37.62	41.2	40.29	38.92	37.92	36.53
45.72	-255	1419	36.91	41	40.17	38.88	37.95	36.59
44.6	-255	1420.1	36.3	40.81	39.99	38.83	37.99	36.64
43.46	-255	1421.1	35.8	40.59	39.83	38.76	37.95	36.67
42.37	-255	1422.2	35.42	40.33	39.63	38.68	37.95	36.69
41.27	-255	1423.3	35.16	40.07	39.45	38.56	37.91	36.69
40.25	-255	1424.4	35.02	39.79	39.18	38.41	37.85	36.64
39.21	-255	1425.4	35.01	39.48	38.96	38.29	37.74	36.63
38.21	-240	1426.5	35.13	39.16	38.71	38.07	37.67	36.61
37.25	-205	1427.6	35.37	38.82	38.46	37.92	37.55	36.55
36.45	-169	1428.7	35.73	38.36	38.18	37.88	37.43	36.59
35.47	-120	1429.7	36.21	38.17	37.97	37.67	37.4	36.46
34.74	-74	1430.8	36.8	37.83	37.71	37.43	37.32	36.42
34.11	-23	1431.9	37.49	37.48	37.47	37.3	37.23	36.34
33.59	15	1433	38.28	37.2	37.2	37.09	37.05	36.23
33.22	41	1434	39.15	36.9	36.97	36.9	36.97	36.19
33.02	67	1435.1	40.1	36.61	36.69	36.68	36.74	36.06
32.96	93	1436.2	41.1	36.35	36.45	36.5	36.64	35.98
33.08	118	1437.2	42.16	36.1	36.23	36.31	36.51	35.88
33.38	142	1438.3	43.25	35.86	36.08	36.11	36.35	35.75
33.86	163	1439.4	44.37	35.69	35.91	35.97	36.21	35.65
34.5	183	1440.5	45.49	35.57	35.77	35.82	36.06	35.57
35.32	200	1441.5	46.6	35.5	35.67	35.67	35.97	35.5
36.3	214	1442.6	47.7	35.45	35.62	35.57	35.88	35.38
37.41	226	1443.7	48.76	35.45	35.59	35.49	35.77	35.3
38.59	235	1444.8	49.78	35.5	35.59	35.4	35.66	35.21
39.85	242	1445.8	50.73	35.64	35.61	35.4	35.59	35.16
41.18	246	1446.9	51.61	35.73	35.71	35.34	35.54	35.04
42.59	247	1448	52.41	35.93	35.82	35.4	35.45	34.96
44	246	1449	53.12	36.15	35.98	35.42	35.42	34.89
45.42	242	1450.1	53.72	36.38	36.11	35.45	35.4	34.87
46.8	235	1451.2	54.21	36.64	36.31	35.54	35.45	34.81
48.14	227	1452.3	54.59	36.93	36.53	35.63	35.45	34.81
49.45	215	1453.3	54.85	37.24	36.79	35.78	35.53	34.82
50.71	202	1454.4	54.98	37.58	37.04	35.92	35.58	34.84
51.94	185	1455.5	54.99	37.92	37.3	36.06	35.65	34.84
52.95	169	1456.6	54.87	38.29	37.58	36.23	35.74	34.87
53.93	150	1457.6	54.62	38.64	37.84	36.4	35.84	34.93
54.82	129	1458.7	54.26	39	38.14	36.59	35.93	34.97
55.58	107	1459.8	53.78	39.31	38.44	36.77	36.04	35.05
56.14	86	1460.8	53.18	39.65	38.71	36.98	36.16	35.11
56.61	62	1461.9	52.49	40.01	38.97	37.19	36.29	35.17
56.76	41	1463	51.7	40.3	39.19	37.38	36.43	35.24
57.03	16	1464.1	50.82	40.63	39.49	37.59	36.58	35.34
56.95	-11	1465.1	49.87	40.83	39.68	37.77	36.7	35.44
56.85	-58	1466.2	48.86	41.08	39.9	37.97	36.85	35.54
56.47	-98	1467.3	47.8	41.25	40.14	38.14	37	35.63
55.96	-137	1468.4	46.71	41.42	40.24	38.28	37.09	35.72
55.22	-170	1469.4	45.59	41.54	40.34	38.43	37.21	35.81
54.4	-202	1470.5	44.47	41.62	40.45	38.55	37.31	35.89
53.65	-236	1471.6	43.35	41.66	40.48	38.62	37.46	35.97
52.64	-255	1472.7	42.26	41.63	40.51	38.72	37.54	36.06
51.5	-255	1473.7	41.19	41.59	40.56	38.78	37.63	36.19
50.32	-255	1474.8	40.18	41.52	40.52	38.83	37.7	36.3
49.27	-255	1475.9	39.23	41.44	40.49	38.93	37.79	36.34
48.01	-255	1477	38.34	41.34	40.4	38.91	37.87	36.44
46.81	-255	1478	37.55	41.16	40.28	38.89	37.87	36.48
45.68	-255	1479.1	36.85	40.95	40.11	38.87	37.92	36.55
44.57	-255	1480.2	36.25	40.81	39.99	38.81	37.93	36.58
43.27	-255	1481.3	35.76	40.55	39.78	38.75	37.92	36.6
42.35	-255	1482.3	35.39	40.31	39.57	38.63	37.9	36.65
41.24	-255	1483.4	35.14	40.06	39.38	38.54	37.89	36.61
40.14	-255	1484.5	35.01	39.78	39.14	38.39	37.81	36.61
39.2	-255	1485.6	35.02	39.5	38.94	38.27	37.77	36.62
38.23	-242	1486.6	35.14	39.19	38.68	38.14	37.7	36.61
37.15	-203	1487.7	35.4	38.88	38.45	37.97	37.57	36.56
36.28	-164	1488.8	35.77	38.57	38.2	37.82	37.52	36.53
35.46	-119	1489.9	36.26	38.26	37.94	37.67	37.46	36.49
34.67	-70	1490.9	36.86	37.95	37.7	37.5	37.33	36.43
34.09	-21	1492	37.57	37.66	37.47	37.28	37.25	36.38
33.58	16	1493.1	38.36	37.34	37.2	37.12	37.11	36.31
33.23	42	1494.1	39.24	37.03	36.95	36.94	36.96	36.22
33.03	69	1495.2	40.2	36.72	36.69	36.72	36.83	36.1
33	94	1496.3	41.21	36.47	36.46	36.54	36.69	36.01
33.13	119	1497.4	42.27	36.2	36.24	36.33	36.52	35.91
33.43	143	1498.4	43.36	36	36.07	36.15	36.39	35.82
33.98	163	1499.5	44.48	35.8	35.94	35.98	36.27	35.72
34.63	183	1500.6	45.6	35.68	35.82	35.83	36.13	35.62
35.41	201	1501.6	46.72	35.57	35.71	35.75	36.03	35.55
